6.413510,-2.836908,2.321539,2.702256,2.914313,2.665433,1.867177,1.248100,0.034273,3.369003,1.696873,1.201414,0.266715,1.443390,1.531830,2.597049,2.565158,3.181797,2.912145,3.801322,3.651193,3.607700,3.336759,2.716912,2.798420,1.544230,3.050032,4.006864,3.007184,2.271358,3.850935,3.277480,2.734954
-1.652205,-2.479200,2.004932,2.355731,2.727571,2.580610,1.697531,1.183332,0.031972,3.126699,1.785970,1.240209,0.221674,1.400321,1.456541,2.551021,2.529651,3.238821,2.957892,3.853835,3.643783,3.657314,3.359633,2.589335,2.593845,1.742362,3.078060,4.046168,3.171488,2.554863,3.937598,3.541978,3.110921
-3.158906,-1.844008,1.432212,1.664653,2.078577,1.966137,1.163606,0.181892,0.025397,2.894587,2.137427,1.171167,0.207536,1.413143,1.278018,2.275511,2.383348,3.219169,2.991397,3.849325,3.661180,3.665368,3.362532,2.481409,2.563884,1.800996,3.062596,4.054544,3.183730,2.596745,3.946296,3.564208,3.105766
-17.986480,-1.024375,1.423006,1.300703,1.726791,0.268688,0.526117,0.020136,0.018821,2.302141,2.539514,1.564707,1.000863,1.913205,1.246785,2.057535,2.203838,3.174065,2.935663,3.826773,3.634762,3.645071,3.283602,2.369618,2.502028,1.682762,3.002029,4.054222,3.185341,2.661178,3.899582,3.500419,3.032957
-25.414134,-0.591381,1.245798,1.198455,1.358567,0.015205,0.013890,0.014876,0.014876,1.441089,1.856985,1.525912,1.110016,1.887889,0.494883,0.777627,1.241853,3.116076,2.798098,3.838049,3.535857,3.604801,3.216913,2.137981,2.305829,1.563238,2.909245,4.029737,3.127673,2.828704,3.803255,3.416012,2.982055
-28.512885,0.510007,0.451485,0.593844,0.712859,0.005341,0.006328,0.005670,0.005013,0.004684,0.528747,0.943000,0.276250,0.569843,0.000410,0.001396,0.000739,3.122519,2.890237,3.841915,3.589337,3.618976,3.262661,2.146035,2.354798,1.657311,2.927287,4.039080,3.181475,3.009761,3.826129,3.454672,3.028446
-28.395584,0.288086,1.127441,1.161304,1.083056,0.009287,0.009615,0.009287,0.008958,0.349566,0.843053,0.849628,0.041835,0.130275,-0.000248,-0.000248,0.000410,3.152158,2.981410,3.847392,3.675999,3.637340,3.320651,2.190172,2.391203,1.816460,2.949838,4.036181,3.185663,3.074516,3.874131,3.507507,3.046166
-27.586756,0.239099,1.212264,1.257963,1.124153,0.009287,0.010273,0.009944,0.009944,0.360744,0.961740,0.694777,0.000739,0.000739,-0.000248,0.000081,0.000410,3.170521,3.066462,3.870910,3.693396,3.676322,3.365754,2.297775,2.473678,1.963045,2.944039,4.047779,3.238821,3.127351,3.893139,3.587082,3.068073
-27.198573,0.220687,1.184976,1.247114,1.003822,0.008629,0.008629,0.009287,0.010273,0.306826,0.817080,0.539268,0.000410,-0.000248,-0.000576,0.000081,0.000081,3.172132,3.060663,3.871876,3.683731,3.675355,3.356089,2.174708,2.456603,1.966267,2.916333,4.048745,3.269104,3.136372,3.890240,3.603190,3.072583
-27.412744,0.421896,1.163934,1.215223,0.976206,0.007972,0.008629,0.008629,0.008300,0.090494,0.768422,0.358772,0.000081,0.000410,-0.000248,-0.000248,-0.000576,3.174065,3.099001,3.886051,3.726257,3.693074,3.354156,2.100610,2.447582,2.205314,2.911500,4.042302,3.247197,3.142493,3.899582,3.626708,3.050998
-27.738486,0.489623,1.172154,1.217195,0.984754,0.008629,0.006985,0.007643,0.007643,0.008629,0.770066,0.273620,0.000739,0.001396,0.000410,-0.000248,-0.000576,3.215625,3.150869,3.902804,3.779092,3.710793,3.463048,2.175030,2.516526,2.341590,2.949838,4.050356,3.287790,3.275870,3.909247,3.649904,3.089658
-28.186309,0.467595,1.143550,1.195168,0.956151,0.007972,0.007314,0.007314,0.006657,0.007314,0.755600,0.217071,0.003040,0.001067,0.001725,-0.000576,0.000081,3.226578,3.160534,3.908281,3.790690,3.721425,3.481089,2.279734,2.541977,2.475933,2.956926,4.060987,3.266527,3.310664,3.934698,3.663113,3.105766
-29.142704,0.462006,1.188263,1.241196,0.988041,0.008300,0.006985,0.008958,0.007972,0.007643,0.760860,0.169070,-0.000248,0.001396,0.000081,0.000410,0.000410,3.242364,3.156346,3.935987,3.808410,3.745587,3.504929,2.279734,2.491719,2.527801,2.943717,4.061310,3.266205,3.318396,3.944363,3.674389,3.112854
-29.390734,0.441294,1.193853,1.241196,1.003165,0.008629,0.008300,0.007643,0.006985,0.006985,0.766778,-0.000576,0.000410,0.001067,0.000410,0.000739,0.000739,3.291011,3.183408,3.974647,3.837727,3.790690,3.571940,2.340623,2.620585,2.552286,2.934374,4.072908,3.384117,3.348357,3.985923,3.685664,3.176643
-30.048848,0.317675,1.237908,1.249415,1.010069,0.008958,0.008958,0.007643,0.008300,0.120741,0.770723,0.000081,0.000410,0.000081,0.001725,0.000081,-0.000248,3.326450,3.204027,3.997521,3.864144,3.841593,3.607700,2.370907,2.704348,2.551642,2.944039,4.079351,3.425677,3.363821,3.999132,3.698551,3.208859
-29.859923,0.321949,1.199113,1.239881,0.995603,0.008300,0.007314,0.006985,0.007972,0.007314,0.753956,-0.000576,-0.000576,-0.000248,0.000739,0.000739,-0.001234,3.325161,3.188885,4.005253,3.859634,3.847069,3.598680,2.348033,2.644747,2.572904,2.913756,4.076129,3.401192,3.355767,3.996876,3.708538,3.235599
-30.072918,0.172687,1.208976,1.243497,1.004480,0.008300,0.008300,0.007314,0.006985,0.006657,0.747052,-0.000248,0.000410,0.001396,-0.000905,0.000739,0.000410,3.307764,3.153125,4.011374,3.839015,3.848680,3.565174,2.248806,2.584825,2.533922,2.828382,4.065820,3.405058,3.337081,3.976258,3.699517,3.217880
-30.149515,0.265072,1.211606,1.253689,1.012371,0.008958,0.008629,0.007972,0.008300,0.008300,0.750668,-0.000905,-0.000248,0.000081,0.000410,0.000739,0.000410,3.343847,3.174065,4.027160,3.850613,3.880252,3.600613,2.367363,2.753639,2.580959,2.853833,4.080962,3.525870,3.370909,4.014273,3.715948,3.233022
-30.769595,0.323922,1.200757,1.230346,0.987055,0.008629,0.008300,0.008300,0.007314,0.006328,0.642173,0.000081,-0.001234,0.000410,0.001396,0.001067,0.000081,3.349323,3.195006,4.032315,3.855768,3.890884,3.620587,2.375739,2.748485,2.613175,2.858343,4.084828,3.534891,3.379607,4.020717,3.720136,3.297777
-32.218835,0.278880,1.159660,1.200099,0.983767,0.007972,0.007972,0.007972,0.007314,0.006657,0.558994,-0.000248,-0.000248,-0.000576,-0.000905,0.000739,0.001067,3.360277,3.192107,4.031348,3.870588,3.890884,3.623164,2.388304,2.849322,2.651835,2.849967,4.088694,3.527159,3.392171,4.031348,3.728512,3.369942
-32.975196,0.320634,1.197469,1.220154,1.021905,0.006657,0.007643,0.006985,0.008300,0.007972,0.570172,0.001067,0.000081,0.000739,0.001067,0.000081,-0.000248,3.375741,3.171166,4.030382,3.899905,3.886374,3.656669,2.402479,2.904091,2.710791,2.833536,4.098037,3.582249,3.423099,4.050356,3.739788,3.407313
-33.430395,0.147042,1.219497,1.237579,1.030453,0.007972,0.007643,0.006985,0.007314,0.167755,0.570501,0.000081,0.001725,0.000410,0.000410,0.000739,-0.000905,3.382829,3.202094,4.029093,3.928577,3.889595,3.690497,2.486564,2.903768,2.704992,2.868652,4.105446,3.645394,3.438241,4.068075,3.762018,3.437275
-34.454522,0.072411,1.260593,1.227387,1.065632,0.009287,0.008629,0.008300,0.009615,0.298606,0.677023,0.000410,0.000410,0.000739,0.000739,0.000739,0.000410,3.374452,3.178898,4.029415,3.928255,3.890240,3.688242,2.477866,2.880895,2.695972,2.833214,4.106091,3.644749,3.452094,4.070008,3.764273,3.439208
-34.314971,0.097069,1.318457,1.226730,1.126783,0.009944,0.009944,0.009615,0.008958,0.353511,0.844368,-0.000248,-0.000248,0.000739,0.001396,0.001725,0.000410,3.352867,3.074516,4.015240,3.913113,3.860923,3.673744,2.358664,2.846745,2.651835,2.722389,4.089016,3.594814,3.445651,4.045524,3.735922,3.368976
-35.237408,0.038219,1.329964,1.226072,1.143879,0.009944,0.010273,0.010602,0.009615,0.412690,0.904205,0.001396,-0.000905,0.000081,-0.000576,0.000410,0.000410,3.329993,3.037145,4.002353,3.913113,3.847069,3.674066,2.323226,2.776191,2.675675,2.738498,4.080962,3.599646,3.436952,4.033603,3.728190,3.331926
-35.792482,0.031972,1.293142,1.227058,1.086015,0.009287,0.007972,0.007643,0.007972,0.339374,0.762504,0.001067,0.000081,0.000410,-0.000248,0.000410,-0.000248,3.321939,3.021681,3.998165,3.920201,3.846425,3.678899,2.327414,2.827093,2.742686,2.818072,4.092560,3.584504,3.431798,4.038114,3.733345,3.358666
-36.286415,0.003369,1.299059,1.206346,1.092262,0.009287,0.008958,0.008629,0.007314,0.332470,0.764148,-0.000248,0.002382,-0.001234,0.000739,0.000081,0.000410,3.340625,3.017815,4.007508,3.924711,3.855446,3.683087,2.344489,2.839657,2.787467,2.822905,4.096426,3.578383,3.429865,4.042946,3.737533,3.355122
-35.249825,-0.262279,1.332594,1.211935,1.141578,0.009615,0.008958,0.008958,0.008958,0.414334,0.933136,-0.000576,0.002382,0.000081,0.000739,0.000081,-0.000248,3.357378,3.042622,4.023616,3.925678,3.877675,3.687920,2.379927,2.867364,2.796165,2.817750,4.109635,3.686309,3.469169,4.050034,3.761051,3.382829
-34.137385,-0.210333,1.280319,1.184976,1.092262,0.009615,0.008958,0.009615,0.008958,0.347265,0.917684,0.000081,0.000410,0.001396,0.000739,0.001067,-0.000248,3.365754,3.065818,4.031993,3.932765,3.887018,3.699517,2.424386,2.886694,2.812596,2.829026,4.117366,3.703061,3.480445,4.057766,3.766528,3.401514
-34.204757,-0.138990,1.188921,1.125468,0.983767,0.007643,0.007972,0.007314,0.006657,0.167755,0.756257,0.000410,0.001396,0.001725,0.000410,0.000410,0.000081,3.368009,3.054220,4.029737,3.926000,3.890562,3.694041,2.391525,2.866397,2.807119,2.795843,4.110279,3.698229,3.468203,4.061632,3.770716,3.419233
-34.575573,0.000410,1.138290,1.113961,0.963055,0.007314,0.006328,0.006657,0.006657,0.006657,0.702667,0.000410,0.000410,0.001725,0.000739,0.000739,0.000739,3.355767,3.009117,4.029737,3.921168,3.882508,3.683409,2.333536,2.765882,2.763304,2.747196,4.098681,3.689853,3.468847,4.048745,3.742043,3.378318
-34.804428,0.000410,1.125139,1.108043,0.934452,0.007972,0.006985,0.006657,0.007314,0.007314,0.675379,-0.000576,-0.000576,0.000410,0.000739,0.001067,0.001067,3.340947,2.956604,4.027160,3.917624,3.877353,3.675355,2.258471,2.703381,2.763304,2.736887,4.106413,3.678577,3.468525,4.037792,3.728190,3.333859
-35.180166,0.000739,1.111331,1.099495,0.957137,0.007314,0.008300,0.006985,0.007314,0.006657,0.689188,-0.000248,-0.000576,0.000081,0.000081,0.000081,0.001725,3.346102,2.978833,4.030060,3.920523,3.887340,3.682121,2.270069,2.699838,2.768781,2.724967,4.111245,3.682443,3.466270,4.060021,3.753964,3.349968
-35.434081,0.000739,1.085358,1.091605,0.963712,0.006328,0.006657,0.008300,0.007314,0.007314,0.687215,0.001067,-0.000248,0.000739,-0.000248,-0.000576,0.001396,3.372519,3.022003,4.055511,3.926644,3.915046,3.703383,2.306151,2.679863,2.759760,2.692106,4.121232,3.713048,3.499453,4.079995,3.771038,3.379929
-34.620586,0.000410,1.052152,1.070234,0.920314,0.005670,0.005670,0.005999,0.006985,0.006657,0.573131,0.000739,0.000739,-0.000905,-0.000248,-0.000248,-0.000576,3.378318,3.098356,4.081606,3.931477,3.945974,3.717881,2.420842,2.698871,2.762660,2.705637,4.136696,3.717559,3.519749,4.083861,3.782314,3.418589
-34.609451,0.000410,1.007439,1.047878,0.901903,0.005999,0.005341,0.005341,0.005341,0.005670,0.497514,0.001067,0.000739,0.000410,-0.000248,-0.000248,-0.000248,3.393460,3.163756,4.111890,3.959183,3.973681,3.734311,2.420198,2.731088,2.747518,2.800998,4.143462,3.723358,3.525870,4.104480,3.807765,3.492365
-35.187205,0.000410,0.983110,1.029467,0.880533,0.005670,0.006328,0.005999,0.005670,0.005670,0.461349,0.000739,0.000739,0.000739,0.000081,0.000739,0.000410,3.404414,3.214336,4.120266,3.972714,3.982057,3.740433,2.464657,2.732699,2.766204,2.884438,4.139918,3.714659,3.526515,4.127354,3.826129,3.534891
-35.796987,0.000081,0.959438,0.984425,0.816422,0.006657,0.005670,0.006985,0.005670,0.005341,0.413348,-0.000248,0.000081,0.001067,0.002382,0.000739,0.000739,3.396682,3.160534,4.117689,3.976258,3.981090,3.737211,2.341590,2.872841,2.748162,2.848678,4.137019,3.703383,3.502674,4.122843,3.817752,3.535857
-36.033462,0.000410,0.958452,1.015987,0.810176,0.005670,0.006328,0.006657,0.006328,0.005670,0.400526,-0.000248,-0.000248,0.000081,0.000081,0.000739,0.001067,3.373808,3.153769,4.111245,3.948552,3.973358,3.716914,2.268136,2.831603,2.692428,2.785534,4.132186,3.690497,3.472713,4.111568,3.800033,3.515561
-36.936227,0.000081,0.949575,1.020919,0.791436,0.005670,0.005999,0.006328,0.005670,0.005999,0.418937,0.000081,0.000081,0.000410,-0.000248,0.000081,0.000410,3.377674,3.199839,4.117044,3.940175,3.986245,3.709505,2.274579,2.823227,2.700482,2.927931,4.126065,3.676966,3.471102,4.117689,3.801644,3.531347
-38.013110,0.000739,0.960096,1.035056,0.829573,0.005670,0.004355,0.005341,0.005999,0.005999,0.423869,0.000739,0.000081,0.000410,-0.000248,0.000410,-0.000576,3.404092,3.259439,4.127676,3.934698,3.995588,3.710149,2.248484,2.844168,2.882183,3.053575,4.094171,3.657314,3.502674,4.143140,3.808410,3.557120
-38.473693,0.000410,0.990343,1.044919,0.876259,0.005341,0.005670,0.004684,0.006328,0.006328,0.458390,0.000739,0.000410,-0.000576,0.000081,0.000081,-0.000248,3.432764,3.254607,4.137985,3.979480,4.007186,3.735922,2.262981,2.935663,2.917299,3.124774,4.093526,3.669878,3.508151,4.157959,3.814531,3.592881
-38.093463,0.000410,0.990672,1.039001,0.883821,0.006657,0.005013,0.005341,0.005341,0.006328,0.565898,0.001396,0.000739,0.000410,0.000081,-0.000248,-0.000905,3.483022,3.266205,4.138952,4.002675,4.051323,3.772005,2.286499,3.006539,2.924387,3.155380,4.103836,3.678577,3.544234,4.173101,3.844492,3.612855
-39.311460,0.000739,0.979493,1.023549,0.844697,0.006657,0.005999,0.005999,0.005341,0.005670,0.506062,0.001067,0.001067,0.001067,0.000739,0.000739,0.000081,3.508473,3.252996,4.146039,4.012340,4.058732,3.781348,2.300030,3.008794,2.899580,3.171810,4.113501,3.668912,3.542945,4.174712,3.847392,3.611566
-39.317493,0.000081,0.965027,1.031439,0.786175,0.006328,0.005999,0.006328,0.005670,0.005341,0.515596,-0.000248,0.002054,0.000739,0.000739,0.000410,0.001067,3.474968,3.230122,4.140240,3.994299,4.032637,3.759440,2.225288,2.965624,2.926964,3.136694,4.095459,3.623164,3.515239,4.170524,3.827095,3.590948
-40.656505,0.000081,0.918999,1.004809,0.770723,0.005999,0.005670,0.005013,0.005013,0.005341,0.531706,0.000410,0.000081,0.000081,0.000739,0.000739,0.000739,3.420844,3.170199,4.127676,3.942430,3.997199,3.718525,2.003316,2.734954,2.895714,3.066462,4.065820,3.568074,3.454027,4.140562,3.798745,3.546167
-41.166001,0.000410,0.902889,0.999877,0.755928,0.006985,0.006985,0.006985,0.005341,0.004355,0.470554,0.000081,-0.000248,0.000410,0.000739,0.000739,0.001067,3.409891,3.137983,4.124132,3.924389,3.992044,3.717237,1.897646,2.675353,2.864786,3.024903,4.072263,3.592236,3.477223,4.132830,3.794234,3.549066
-41.015011,0.000410,0.838450,0.964699,0.701352,0.005341,0.005013,0.005999,0.005670,0.005013,0.384087,0.000081,0.000410,0.000081,0.000081,0.000081,0.000410,3.417945,3.196939,4.133797,3.974647,4.016529,3.747842,1.904089,2.722389,2.837724,2.970779,4.087727,3.655703,3.517494,4.128642,3.788113,3.565174
-40.446237,-0.000248,0.767107,0.880862,0.650393,0.004355,0.004355,0.004355,0.004684,0.005999,0.334771,0.001396,0.000081,-0.000248,-0.000248,-0.000576,-0.001234,3.452416,3.192751,4.138629,3.987856,4.034570,3.758152,1.993007,2.770392,2.790044,2.962080,4.093848,3.708538,3.548744,4.128642,3.798422,3.584504
-39.895567,0.000410,0.472198,0.700695,0.460691,0.003698,0.002054,0.003040,0.002382,0.003040,0.185509,0.000739,0.000739,0.000410,-0.000248,0.000410,0.000081,3.521038,3.172132,4.144428,4.006219,4.051323,3.783281,2.082891,2.827415,2.856088,2.962080,4.091271,3.724002,3.560986,4.149261,3.805510,3.618332
-39.863265,0.000739,0.107590,0.372251,0.301565,0.001725,0.001725,0.001725,0.002711,0.001396,0.043479,-0.000576,0.000081,0.000410,0.001396,0.001067,0.001067,3.538435,3.108666,4.155060,4.016206,4.074841,3.797778,2.174064,2.891526,2.904413,2.993975,4.078707,3.738500,3.578705,4.153771,3.817108,3.630896
-40.150415,0.000739,0.002382,0.103316,0.125015,0.000739,0.000410,0.002382,0.001396,0.000739,0.000081,0.000081,-0.000248,0.001396,-0.000576,0.000410,0.000410,3.553254,3.076127,4.155704,4.015884,4.088694,3.806477,2.182440,2.940173,2.913756,3.021359,4.076774,3.737211,3.578061,4.166658,3.842559,3.636051
-40.515330,0.000081,0.000081,0.010273,0.003698,0.000081,-0.000248,0.000081,0.000081,-0.000248,0.000410,0.000410,0.000410,0.000739,0.000410,0.000739,-0.000248,3.532313,2.955959,4.161825,4.004286,4.089016,3.785536,2.105120,2.855444,2.821938,2.944039,4.060021,3.717559,3.570329,4.163114,3.834827,3.630574
-40.907820,0.000081,0.000739,0.006985,0.001396,0.000081,0.000410,-0.000248,0.000081,0.000081,-0.000248,-0.000248,0.002382,0.000410,0.000410,0.000410,0.000739,3.516527,2.839335,4.166014,3.986245,4.091271,3.778126,1.995906,2.782956,2.755250,2.818072,4.052611,3.709182,3.563564,4.156671,3.824518,3.617365
-40.867987,0.000410,-0.000576,-0.000905,-0.000905,0.000081,0.000739,0.001396,0.000739,0.000739,0.000410,-0.000248,0.000081,-0.001563,-0.000905,0.001067,0.000739,3.518138,2.667299,4.175034,4.004286,4.088372,3.792623,1.993651,2.782634,2.914078,2.960470,4.059054,3.685020,3.582894,4.160859,3.828384,3.617687
-41.383138,0.000410,0.000410,-0.000248,-0.000576,-0.000248,-0.000248,0.000081,0.000081,0.000081,0.000739,0.000081,0.000081,0.001725,0.000739,-0.000576,-0.000248,3.523937,2.491397,4.175679,4.029737,4.092882,3.863178,2.061306,2.786178,3.022325,2.934052,4.067431,3.679221,3.588048,4.164725,3.831928,3.618976
-41.786451,0.000410,-0.000248,0.001396,0.000081,0.000410,-0.000248,-0.000248,0.000739,0.000081,-0.000248,0.000410,0.000410,0.001067,0.001396,0.000081,0.000081,3.560342,2.150223,4.174068,4.052289,4.093848,3.890884,2.201126,3.067429,3.089014,2.886694,4.079029,3.663113,3.582894,4.157637,3.826129,3.594491
-41.628637,0.000410,-0.000905,0.000410,0.000081,0.001067,0.000739,-0.001234,0.001067,0.000081,-0.000248,0.000081,-0.000905,-0.000248,0.000410,0.001067,0.000410,3.640883,1.717555,4.167302,4.097714,4.099325,3.962083,2.324837,3.099645,3.124130,2.990753,4.074196,3.655703,3.521038,4.147972,3.804544,3.574839
-39.985415,0.000081,0.000081,-0.000248,0.000410,-0.000248,0.000739,-0.001234,0.001725,0.000081,0.001396,0.001396,0.000081,-0.000248,0.000081,-0.000248,0.000410,3.637662,2.040365,4.132830,4.096104,4.079995,3.950807,2.318072,3.006217,3.145070,3.222068,4.049712,3.650226,3.443718,4.130897,3.772327,3.585471
-36.414399,0.000739,0.000739,0.000410,0.001396,0.000081,-0.000248,-0.000576,0.000410,-0.000248,0.000739,0.001396,0.000739,0.000410,0.000410,-0.000576,-0.000248,3.585149,2.751706,4.117044,4.023938,4.054544,3.858345,1.968522,2.755572,3.097068,3.194684,4.007830,3.639917,3.309375,4.111890,3.733023,3.519105
-30.018812,0.001067,0.000081,0.000410,0.000739,0.000739,0.000081,0.000081,0.000739,0.000410,0.000410,-0.000576,-0.000576,0.000739,0.001067,0.000739,0.000081,3.507829,3.083215,4.107057,3.966271,4.013951,3.764273,1.701125,2.524257,2.919877,3.054542,4.037792,3.616077,3.243653,4.095781,3.724646,3.467236
-24.239586,0.000739,-0.000248,-0.000576,-0.000248,0.000410,0.000739,0.001067,0.000739,0.000739,0.000081,0.000081,-0.000248,0.000081,-0.000248,0.000081,0.000410,3.495587,3.146037,4.101580,3.874776,4.003964,3.697907,1.890236,2.374451,2.795521,2.957570,4.088694,3.658602,3.201127,4.104480,3.769105,3.473035
-25.548339,0.000410,0.000081,-0.001234,-0.000248,-0.000576,0.000081,-0.000576,0.000739,0.000081,0.001067,0.001067,0.000410,0.000410,0.000410,-0.000248,-0.000576,3.531347,3.241720,4.117366,3.877675,4.032315,3.711760,2.051641,2.389592,2.814851,2.971101,4.099647,3.661502,3.290689,4.134119,3.776193,3.511373
-34.351881,0.000410,0.001067,0.000739,0.000410,0.000081,0.000410,-0.001563,0.000739,-0.001234,0.000739,0.001396,0.001067,0.000739,-0.000248,0.000081,-0.000248,3.545844,3.202094,4.116722,3.881541,4.039725,3.724969,2.363819,2.517170,2.856088,3.045843,4.118655,3.647649,3.291011,4.159570,3.773293,3.546489
-38.881005,0.000739,0.001396,0.003369,0.000410,0.000410,-0.001234,-0.000905,-0.000248,-0.000576,0.000739,0.001067,0.002054,0.000739,0.000410,-0.000248,0.000410,3.576450,3.074194,4.118977,3.956606,4.060665,3.814208,2.578059,2.598678,2.934696,3.139916,4.149261,3.627030,3.363499,4.173101,3.774582,3.583538
-41.010295,0.000081,0.000410,0.000410,0.000410,0.000410,0.000410,0.000739,0.000081,-0.000576,-0.002220,-0.000576,0.000410,0.000739,0.000739,0.000739,-0.000248,3.483344,2.925676,4.053578,3.967237,3.982379,3.822263,2.584825,2.586113,2.880573,3.193395,4.088049,3.503963,3.277480,4.059377,3.527803,3.248486
-41.843806,0.000739,-0.000248,0.000081,0.000739,0.001396,0.001067,0.000410,-0.000248,-0.000576,-0.000248,-0.000576,-0.000905,0.000739,0.000739,0.000081,0.000410,3.129606,2.227865,3.712082,3.684054,3.557120,3.495587,1.722388,1.897324,2.400224,3.357055,3.854801,2.975289,2.520069,3.591270,2.855121,2.557441
-38.225917,0.000081,-0.000576,0.000081,0.000739,0.000739,0.001067,0.000410,0.000081,0.000081,-0.000576,-0.000576,0.000410,0.000739,0.000410,0.001067,0.001396,2.470456,2.052285,2.889593,3.140882,2.748807,2.821294,1.747195,2.746229,2.001061,2.855444,3.635084,2.254605,1.952092,3.347390,2.080314,1.712401
-30.200430,-0.000248,-0.000576,0.000410,0.001067,0.000739,0.000410,0.000739,0.000410,0.000081,-0.000248,-0.000248,-0.000248,0.000410,0.001067,0.000410,0.001067,2.560018,2.540044,2.668910,3.090302,2.483342,2.600611,2.819039,2.799709,2.156989,2.714979,3.740755,2.496229,1.138302,3.511695,2.411822,2.738498
0.704458,-0.000905,-0.000248,-0.000248,0.000081,0.000739,0.001396,0.000081,-0.000248,0.000410,0.000081,0.000410,-0.000905,0.000081,-0.000576,0.000410,0.000739,2.735920,2.780379,2.915366,3.137338,2.761371,2.812918,3.141527,2.825804,2.392170,1.870262,3.808410,2.898936,0.892812,3.715948,2.722067,3.248163
5.442394,0.000410,0.000410,-0.000248,0.000081,0.000410,0.000410,0.001067,0.001067,0.000081,0.000739,0.000081,-0.000576,-0.000248,0.000081,0.000081,0.003040,2.907634,2.897325,3.162790,3.308408,3.048743,3.065818,3.552288,2.815817,2.599966,1.491073,3.920845,3.064529,1.220777,3.984634,3.066140,3.399581
21.325958,0.000410,-0.000248,0.000081,-0.000248,-0.000248,-0.000248,0.001067,0.000739,0.001067,0.000739,0.000410,-0.000248,-0.000905,-0.000248,-0.000576,0.000081,3.074194,3.059374,3.499775,3.497197,3.362854,3.273614,3.681798,2.706281,2.636693,0.785854,4.027160,3.283279,2.240430,4.094493,3.186630,3.541334
30.277196,0.000410,-0.000248,-0.000576,-0.001892,-0.000576,0.000739,0.001067,0.000410,0.001067,0.000081,0.000410,-0.000576,-0.000248,-0.000905,0.000081,0.000081,3.137983,3.101578,3.536502,3.549710,3.430509,3.350290,3.758796,2.706281,2.738820,0.762658,4.026838,3.516205,2.559051,4.134763,3.246875,3.568074
36.438697,-0.936922,0.003040,0.414663,0.575433,0.003040,0.003369,0.004026,0.004355,0.943000,0.060246,0.000410,0.001067,0.000081,0.000081,0.358114,1.122509,3.176643,3.164723,3.564208,3.601901,3.446940,3.413434,3.780059,2.850933,2.711758,0.671485,4.031670,3.609955,2.604799,4.153449,3.262661,3.589659
37.443691,-2.276675,0.615543,1.236264,1.431226,0.011259,0.010931,0.010931,0.010273,2.285702,0.329840,0.000410,0.000410,0.000410,0.568528,1.223442,1.700490,3.198550,3.207893,3.604156,3.706283,3.464337,3.501386,3.842881,2.894426,2.720778,0.505570,4.043591,3.693396,2.702093,4.182444,3.287468,3.680188
36.650233,-3.003268,1.504870,1.934904,2.204825,0.913410,0.547158,0.019479,0.020136,3.023794,0.820696,0.538281,0.000410,0.482719,0.708585,1.848108,2.099618,3.237854,3.255251,3.605445,3.731090,3.478512,3.532313,3.867366,2.947583,2.790366,0.400866,4.047134,3.705961,2.673420,4.226259,3.325161,3.743976
34.369650,-2.910224,1.587063,2.285374,2.352772,1.591995,0.807874,0.022766,0.022438,2.933382,1.148482,0.766778,0.000739,0.976534,0.874615,1.918136,2.305429,3.207248,3.195006,3.577417,3.715304,3.458538,3.499775,3.851902,3.021037,2.726255,0.011691,4.039080,3.744299,2.485598,4.201452,3.305831,3.749453
34.244417,-2.957239,1.588378,2.325813,2.335676,1.700490,0.846341,0.023095,0.023095,2.981053,1.135989,0.795710,0.000410,1.013357,0.890396,1.948383,2.334689,3.205960,3.168266,3.576772,3.723358,3.463370,3.501708,3.857057,3.033923,2.752995,0.012657,4.057766,3.764595,2.324515,4.199519,3.317751,3.760407
36.159894,-2.897731,1.728764,2.432334,2.310689,1.754408,0.850286,0.023753,0.023424,2.998478,1.370403,0.790449,0.000739,1.014343,0.903218,1.949698,2.349813,3.260084,3.213047,3.596747,3.757507,3.491721,3.555509,3.888307,3.048421,2.772003,0.012335,4.076774,3.800678,2.573227,4.225936,3.378318,3.777482
36.747348,-2.865511,1.895122,2.554966,2.408005,1.940164,0.913081,0.026054,0.026054,3.161877,1.375006,0.852916,0.000410,1.064645,0.999877,2.004274,2.394197,3.281669,3.254929,3.630896,3.807121,3.521038,3.622198,3.906670,3.059052,2.829993,0.012013,4.090627,3.822585,2.740431,4.252676,3.432764,3.811953
37.461346,-2.833949,1.944438,2.578309,2.527349,2.015781,0.927876,0.026383,0.025397,3.263468,1.414130,0.958452,0.000739,1.087659,1.114290,2.113098,2.407348,3.296488,3.301321,3.645071,3.821296,3.537790,3.660858,3.942753,3.164078,2.870263,0.012013,4.100292,3.830317,2.799065,4.272650,3.478512,3.829672
37.907798,-2.722165,1.949041,2.636830,2.616446,2.004603,0.913081,0.068795,0.025725,3.210864,1.450623,0.984754,0.000410,1.088317,1.125468,2.115070,2.399457,3.301321,3.313885,3.655381,3.832572,3.563564,3.680188,3.966915,3.244620,2.911500,0.018456,4.097070,3.829028,2.853511,4.286504,3.495264,3.838371
37.616667,-2.621889,1.992110,2.712776,2.684502,2.043069,0.969301,0.027369,0.027040,3.199357,1.466404,0.940041,0.000739,1.095221,1.127769,2.148605,2.409649,3.301643,3.346102,3.655381,3.836438,3.566463,3.685664,3.978513,3.286179,2.920843,0.012335,4.092882,3.829028,2.905057,4.291336,3.508151,3.834183
37.801945,-2.596573,2.063782,2.769325,2.778202,2.079563,1.059385,0.028027,0.028027,3.209220,1.494679,1.018946,0.000739,1.117249,1.190565,2.176550,2.423129,3.296810,3.348035,3.637984,3.839015,3.551966,3.678577,3.978191,3.330960,3.008150,0.734629,4.083217,3.825162,2.865431,4.288437,3.515561,3.839660
38.924147,-2.522270,2.141701,2.787736,2.798585,2.121974,1.109029,0.028684,0.028356,3.163521,1.586077,1.044590,0.000081,1.139276,1.258949,2.236058,2.437266,3.279736,3.318396,3.607700,3.827095,3.526515,3.658602,3.956284,3.297133,2.959825,0.711433,4.069042,3.820652,2.736242,4.277805,3.490754,3.822907
38.996172,-2.379582,2.182140,2.834421,2.872888,2.236716,1.207661,0.030328,0.030328,3.227303,1.603502,1.105742,0.110549,1.311224,1.337855,2.339950,2.452718,3.274259,3.282957,3.602223,3.820330,3.511695,3.649582,3.939853,3.293267,2.924709,0.380570,4.055511,3.810343,2.776835,4.269429,3.476901,3.812598
38.488558,-2.282593,2.317922,2.829819,2.940943,2.260058,1.205688,0.107918,0.029671,3.241769,1.608105,1.147496,0.231208,1.333252,1.402294,2.364279,2.455020,3.280380,3.325161,3.621231,3.849647,3.550033,3.686309,3.959827,3.321295,2.954671,0.233340,4.074518,3.826773,2.876384,4.285859,3.501708,3.827417
38.131139,-2.251360,2.402087,2.880449,2.939628,2.281428,1.216867,0.252578,0.031314,3.270372,1.648215,1.193853,0.256195,1.346403,1.443390,2.359018,2.445157,3.289723,3.335792,3.631863,3.873487,3.571296,3.703383,3.987212,3.335470,2.974645,0.242039,4.079995,3.837082,2.893137,4.304545,3.530381,3.834827
38.106090,-2.134316,2.484280,2.943573,3.043849,2.313648,1.241524,0.553734,0.033945,3.367030,2.045042,1.265196,0.338059,1.374019,1.502240,2.364608,2.453376,3.307764,3.345135,3.640239,3.889917,3.587404,3.718847,3.999132,3.381862,2.975611,0.461433,4.079351,3.851258,2.976256,4.314532,3.548744,3.839660
37.716523,-2.170481,2.545760,2.955409,3.058972,2.294579,1.221141,0.569843,0.033287,3.493936,2.068056,1.257634,0.339045,1.382239,1.487774,2.351128,2.448773,3.314852,3.359955,3.641528,3.907959,3.588692,3.716914,4.038114,3.420200,3.018459,0.707245,4.086761,3.849325,2.979155,4.313888,3.577095,3.849002
37.943992,-2.095192,2.550692,2.935683,3.007026,2.256113,1.197798,0.315374,0.033287,3.406812,2.033864,1.251388,0.331155,1.368102,1.471336,2.318580,2.435951,3.322906,3.382829,3.650226,3.923101,3.606089,3.752675,4.039725,3.464014,3.054864,0.801640,4.095137,3.862856,2.996230,4.333218,3.595458,3.874776
37.587187,-2.034697,2.544445,2.960670,3.023136,2.269264,1.205688,0.451814,0.034602,3.436401,2.066412,1.275717,0.343319,1.383225,1.486131,2.326799,2.438252,3.318396,3.395715,3.652803,3.935021,3.608345,3.757829,4.064853,3.496231,3.062596,0.764591,4.098037,3.875420,3.002351,4.332251,3.582894,3.884763
39.849203,-1.958422,2.645378,2.974478,3.037602,2.275839,1.224100,0.562282,0.033945,3.460073,2.031234,1.290183,0.344635,1.396376,1.508816,2.361649,2.444499,3.289401,3.394749,3.615754,3.919235,3.573551,3.737211,4.047134,3.479156,3.002351,0.644423,4.089016,3.861889,2.931797,4.322264,3.584182,3.863822
38.621911,-1.859461,2.735461,3.001437,3.030698,2.309703,1.235935,0.594830,0.034273,3.469278,1.994082,1.289854,0.401183,1.504542,1.515391,2.368882,2.445814,3.289078,3.406025,3.603190,3.917302,3.566785,3.730445,4.029415,3.488177,3.016526,0.817426,4.081606,3.841593,2.902802,4.318720,3.574517,3.849647
38.354606,-1.623730,2.748612,3.083959,3.186535,2.367238,1.281306,0.759874,0.036904,3.531416,2.318580,1.367115,0.440307,1.764271,1.617310,2.408663,2.449759,3.281024,3.432120,3.587726,3.916335,3.564852,3.732056,4.007186,3.513950,3.039400,1.015235,4.073552,3.824196,2.889593,4.323553,3.572262,3.845136
39.000658,-1.674032,2.753544,3.128672,3.279577,2.439567,1.344430,1.022891,0.037561,3.554759,2.391896,1.380924,0.528089,1.848437,1.665311,2.414252,2.458307,3.276836,3.460793,3.568396,3.919235,3.564852,3.733345,4.002031,3.521682,3.103511,1.184050,4.065176,3.816141,2.905057,4.316143,3.568718,3.832572
38.539058,-1.714142,2.906094,3.143137,3.295687,2.446800,1.343444,1.296101,0.037890,3.632348,2.443513,1.418404,0.648420,1.859286,1.687667,2.412608,2.457979,3.271037,3.465303,3.556476,3.917946,3.560986,3.734634,4.016206,3.522326,3.117042,1.173740,4.060987,3.797456,2.916655,4.318076,3.568718,3.829350
38.052189,-1.616497,2.957711,3.097438,3.288125,2.442526,1.327005,1.258292,0.039863,3.647143,2.449759,1.420705,0.688201,1.877697,1.711997,2.427074,2.450417,3.274581,3.495909,3.559053,3.932121,3.574839,3.751386,4.029093,3.560664,3.142171,1.207890,4.071619,3.799067,2.968846,4.330640,3.579350,3.832894
36.167019,-1.664169,3.033985,3.060945,3.278591,2.389265,1.301361,0.880204,0.038876,3.709281,2.468170,1.415773,0.703982,1.859615,1.717914,2.409320,2.438910,3.285212,3.526837,3.579350,3.953706,3.588370,3.755252,4.031026,3.562275,3.150869,1.229475,4.070652,3.799389,3.057441,4.330640,3.587726,3.842237
35.904469,-1.651018,3.060616,3.010314,3.262152,2.349484,1.229031,0.898944,0.039205,3.698431,2.460609,1.418732,0.678338,1.840217,1.711339,2.411293,2.432663,3.265560,3.512339,3.561631,3.937598,3.576128,3.742366,4.003642,3.528770,3.118009,1.112529,4.061954,3.794234,3.020715,4.324197,3.579350,3.813242
36.833602,-1.650689,3.118480,2.982040,3.223029,2.305100,1.210291,0.932808,0.037232,3.641554,2.478034,1.412157,0.638886,1.789258,1.670243,2.389265,2.427074,3.222390,3.468203,3.495264,3.920201,3.539079,3.718847,4.000420,3.508151,3.042300,0.886691,4.029415,3.780059,2.935341,4.307122,3.557442,3.787791
36.019373,-1.768719,3.145768,2.968560,3.200672,2.251510,1.178729,0.985411,0.038219,3.660623,2.538856,1.382896,0.621132,1.771833,1.646900,2.384334,2.424115,3.224323,3.471102,3.508473,3.926967,3.560664,3.754286,4.025549,3.540368,3.045199,1.149256,4.041013,3.779737,2.931152,4.333218,3.569685,3.818719
34.790492,-1.695402,3.214481,2.961985,3.197385,2.253483,1.178071,1.242511,0.038547,3.675746,2.443184,1.419390,0.654667,1.768545,1.621584,2.371841,2.421156,3.250741,3.482378,3.532313,3.959183,3.583538,3.763951,4.043913,3.578383,3.100289,1.188882,4.058088,3.799711,2.922132,4.342883,3.589981,3.876386
34.127223,-1.574085,3.226316,2.953437,3.197385,2.309374,1.242511,1.618297,0.039863,3.679363,2.532938,1.458185,0.687215,1.780052,1.642626,2.354416,2.421814,3.283602,3.539401,3.582249,3.979802,3.614144,3.793912,4.087083,3.677288,3.157635,1.224320,4.068719,3.816786,2.906346,4.360280,3.621876,3.921168
34.129611,-1.574413,3.236180,2.940943,3.183905,2.294251,1.239223,1.756052,0.040520,3.681007,2.560555,1.446678,0.682612,1.737641,1.621584,2.333374,2.418197,3.303576,3.560664,3.579028,4.001709,3.626386,3.828706,4.118333,3.728512,3.218524,1.238174,4.075163,3.853191,2.984954,4.365434,3.626386,3.952095
34.102405,-1.661539,3.241769,2.898861,3.136891,2.228168,1.214894,1.290840,0.038876,3.681335,2.477705,1.407225,0.636913,1.680434,1.565693,2.302470,2.407348,3.316140,3.593525,3.629930,4.042946,3.646682,3.861245,4.137663,3.769427,3.237532,1.173096,4.077740,3.860600,3.047454,4.371233,3.633474,3.957572
34.831910,-1.757541,3.216453,2.911354,3.135904,2.208112,1.217195,1.073851,0.036904,3.686924,2.468828,1.393417,0.629351,1.683393,1.550570,2.281428,2.395512,3.321295,3.603512,3.657314,4.045846,3.656669,3.879930,4.141851,3.762984,3.238821,1.243650,4.072263,3.865433,3.064207,4.376710,3.633796,3.956284
33.437279,-1.637867,3.285166,2.877162,3.162864,2.211071,1.219497,1.184976,0.037561,3.724076,2.429704,1.399335,0.647105,1.737641,1.555173,2.286360,2.393539,3.303254,3.555832,3.636051,4.033926,3.636051,3.854479,4.132830,3.721425,3.207893,1.199514,4.063887,3.869299,3.003962,4.372844,3.627997,3.947907
34.165538,-1.578030,3.331194,2.948505,3.198042,2.296881,1.313197,1.427280,0.039205,3.724733,2.531952,1.480213,0.717791,1.807340,1.596269,2.361977,2.413594,3.296488,3.544878,3.637662,4.035536,3.636695,3.859956,4.125421,3.721103,3.215947,1.153766,4.067109,3.875098,2.962725,4.367689,3.623486,3.944041
34.144696,-1.588551,3.353222,2.957382,3.255906,2.409320,1.342786,1.591337,0.040849,3.775693,2.581597,1.494350,0.724366,1.831669,1.629804,2.379074,2.415567,3.302287,3.549710,3.655059,4.042624,3.649582,3.864789,4.138952,3.708538,3.234310,1.156666,4.085794,3.905059,3.033279,4.371233,3.633151,3.946296
34.392634,-1.560934,3.362099,2.941930,3.265769,2.427732,1.342786,1.748819,0.040849,3.758596,2.637488,1.517693,0.722065,1.834957,1.637365,2.375457,2.417211,3.309375,3.569363,3.655381,4.049067,3.664401,3.888629,4.141529,3.727224,3.249130,1.129926,4.091593,3.911503,3.033279,4.368656,3.643461,3.997199
33.369848,-1.594469,3.346647,2.929765,3.277605,2.445814,1.373691,1.951342,0.041835,3.788515,2.646036,1.513419,0.742449,1.826738,1.651831,2.387293,2.415896,3.344491,3.594814,3.652159,4.057444,3.671167,3.905059,4.149905,3.764917,3.264272,1.186627,4.107379,3.919557,3.002673,4.382187,3.652159,4.015884
34.376480,-1.579345,3.349277,2.888011,3.256892,2.438252,1.364156,1.865204,0.042493,3.787857,2.601980,1.529200,0.717462,1.833313,1.643941,2.377758,2.410636,3.366398,3.597391,3.677610,4.060987,3.686953,3.910214,4.153449,3.763628,3.269749,1.236563,4.100614,3.904093,3.026513,4.387341,3.659569,4.008474
35.322673,-1.598743,3.343688,2.877490,3.230262,2.430033,1.363499,1.469692,0.040849,3.796734,2.533596,1.513090,0.711215,1.828053,1.633420,2.373156,2.409649,3.386695,3.602223,3.701773,4.059699,3.701773,3.915046,4.156671,3.740433,3.283279,1.189527,4.104802,3.903126,3.058086,4.385731,3.657314,4.005253
35.449418,-1.573427,3.383469,2.878477,3.253933,2.458965,1.385198,1.579830,0.041178,3.816131,2.498417,1.529857,0.761846,1.901698,1.664325,2.375128,2.422471,3.352223,3.557442,3.675677,4.053900,3.668590,3.902160,4.142818,3.713371,3.262017,1.102542,4.087727,3.910214,2.926964,4.374777,3.642494,4.003964
36.043783,-1.622743,3.360784,2.932395,3.273988,2.462253,1.401636,1.665311,0.040849,3.832241,2.516500,1.548926,0.765792,1.910903,1.673202,2.374799,2.422800,3.305509,3.531347,3.654736,4.051000,3.638628,3.886696,4.131864,3.697907,3.248163,1.003637,4.076774,3.896039,2.838369,4.367045,3.620587,3.988178
35.831346,-1.617812,3.361113,2.939628,3.311468,2.481321,1.438459,1.818518,0.041835,3.841775,2.505322,1.557145,0.780586,1.910574,1.667941,2.365923,2.419841,3.345135,3.558409,3.696296,4.054866,3.664079,3.899582,4.138629,3.730768,3.247841,0.737207,4.080640,3.921168,2.865753,4.381543,3.649904,4.032315
36.084234,-1.627675,3.367688,2.930423,3.296345,2.506965,1.450294,1.820162,0.042164,3.836844,2.499404,1.572597,0.770723,1.914848,1.667941,2.359018,2.418855,3.373808,3.582249,3.719492,4.055188,3.678255,3.914080,4.151516,3.750098,3.263950,0.567103,4.089338,3.926644,2.913433,4.382831,3.675033,4.035214
36.354634,-1.626689,3.367030,2.980067,3.302263,2.517157,1.454897,1.945753,0.041835,3.832899,2.559240,1.600214,0.775984,1.935890,1.667284,2.366251,2.429376,3.374130,3.581605,3.740433,4.051323,3.693396,3.914724,4.152805,3.758152,3.285212,0.391524,4.071941,3.924711,3.001385,4.385731,3.683409,4.031993
37.529225,-1.631291,3.348948,2.987629,3.292071,2.499075,1.440760,1.861259,0.039863,3.822707,2.503678,1.511117,0.801299,1.913205,1.662352,2.365923,2.419184,3.371875,3.599646,3.758152,4.057766,3.701450,3.922134,4.143140,3.774582,3.283279,0.093199,4.084828,3.928255,3.057764,4.387664,3.704672,4.029093
37.716175,-1.660881,3.354866,2.936998,3.251303,2.456006,1.432541,1.440431,0.039863,3.821720,2.433978,1.486788,0.769408,1.884602,1.655119,2.358032,2.405704,3.407313,3.641528,3.780381,4.058088,3.713371,3.931799,4.165369,3.759118,3.310019,0.276511,4.082250,3.933088,3.040044,4.398617,3.731090,4.047134
38.026124,-1.671073,3.365387,2.913327,3.235851,2.513541,1.497309,1.419390,0.040520,3.805939,2.443184,1.496980,0.752969,1.913205,1.654790,2.367895,2.429376,3.401836,3.665690,3.766528,4.060665,3.705639,3.941786,4.154416,3.826451,3.306798,0.014913,4.074841,3.988500,2.869297,4.390885,3.747842,4.061954
37.290432,-1.737485,3.326263,2.966587,3.291413,2.564172,1.557803,1.525254,0.042164,3.819090,2.473760,1.504213,0.800641,1.927999,1.688325,2.414910,2.448773,3.379929,3.651193,3.766206,4.068719,3.706283,3.943075,4.163114,3.850613,3.294233,0.014913,4.072908,4.011052,2.818395,4.389597,3.750420,4.055833
38.911378,-1.814418,3.343359,3.020177,3.315413,2.578966,1.570296,1.489089,0.039863,3.825337,2.460280,1.487117,0.775655,1.914848,1.683065,2.408663,2.444499,3.424066,3.655381,3.781670,4.067753,3.715626,3.950485,4.176001,3.878319,3.358988,0.016201,4.079995,4.032637,2.803897,4.395718,3.781348,4.081606
36.956304,-1.824939,3.282208,2.979409,3.263468,2.564172,1.583447,1.456541,0.040520,3.792789,2.423458,1.495007,0.724695,1.893150,1.672873,2.409320,2.442526,3.462726,3.671811,3.818397,4.075485,3.749775,3.975936,4.195653,3.884118,3.398615,0.015557,4.084506,4.041013,2.812596,4.409249,3.801966,4.105124
37.580264,-1.825268,3.268399,2.983026,3.266755,2.570747,1.611721,1.828710,0.041835,3.804624,2.462253,1.440760,0.757572,1.902684,1.652160,2.425101,2.446472,3.493654,3.693074,3.833538,4.094493,3.781025,4.007186,4.208217,3.887018,3.415690,0.014590,4.085472,4.040369,2.893137,4.411826,3.816141,4.109635
39.954085,-1.852228,3.259522,2.975464,3.252618,2.586857,1.602844,1.723504,0.040520,3.772405,2.422471,1.451938,0.738504,1.872108,1.679448,2.434636,2.442526,3.520393,3.716592,3.858023,4.108990,3.816464,4.032637,4.220137,3.890884,3.454672,0.015235,4.084828,4.040369,3.042622,4.420202,3.831283,4.118333
43.939932,-1.922585,3.210535,3.024451,3.264783,2.572391,1.613036,1.400650,0.039863,3.805282,2.392553,1.462130,0.729627,1.866848,1.656763,2.415238,2.444170,3.554221,3.781670,3.871876,4.137663,3.858990,4.104158,4.248488,3.889273,3.483666,0.015879,4.096748,4.027804,3.170199,4.420202,3.834505,4.118977
44.728564,-1.880831,3.271029,3.004067,3.237166,2.573377,1.655119,1.436815,0.040520,3.783912,2.365265,1.462130,0.748038,1.856656,1.664982,2.464225,2.460609,3.562597,3.750420,3.910536,4.145073,3.878964,4.113178,4.259764,3.880897,3.500419,0.012657,4.096426,3.974647,3.226900,4.416014,3.827739,4.111245
45.093833,-1.819679,3.308509,3.024122,3.257550,2.617433,1.752764,1.465089,0.041506,3.799693,2.394197,1.495336,0.792422,1.931287,1.674188,2.521760,2.507294,3.540045,3.721425,3.914080,4.139918,3.877997,4.117366,4.252676,3.824840,3.505574,0.013624,4.102869,3.980768,3.218202,4.408927,3.813242,4.101580
44.184451,-1.907133,3.241440,3.095794,3.283194,2.669050,1.774134,1.551556,0.042164,3.790158,2.470472,1.458842,0.771052,1.927013,1.695887,2.525705,2.556610,3.547777,3.770072,3.947585,4.149583,3.902160,4.137985,4.263952,3.806154,3.541656,0.014590,4.116722,4.030704,3.260728,4.403772,3.810987,4.105124
43.852293,-1.879187,3.320345,3.083301,3.321660,2.703242,1.879670,1.656105,0.041835,3.805611,2.548062,1.511775,0.774668,1.937534,1.714298,2.574692,2.599350,3.521038,3.801000,3.981735,4.148294,3.930188,4.152483,4.270073,3.752675,3.525548,0.014913,4.142173,4.007186,3.376063,4.391530,3.810665,4.099325
43.242207,-1.964668,3.294701,3.087575,3.323961,2.715406,1.886903,1.770189,0.041835,3.819090,2.522747,1.478240,0.722722,1.933588,1.706736,2.610528,2.600665,3.524582,3.794879,3.968848,4.131542,3.916657,4.142173,4.214983,3.490754,3.397970,0.015235,4.132186,3.897972,3.449195,4.339017,3.769427,4.014596
42.032327,-2.057711,3.225988,3.084616,3.282208,2.730859,1.892821,1.643283,0.041506,3.803967,2.488226,1.403280,0.672420,1.887889,1.702133,2.621049,2.579624,3.331604,3.525870,3.752997,3.965304,3.657314,3.928255,3.864466,3.221424,3.031024,1.438882,4.039725,3.588692,3.204671,4.150872,3.345457,3.472713
37.306259,-2.191194,3.161877,3.077054,3.223358,2.745653,1.887889,1.270456,0.040191,3.738213,2.354416,1.272758,0.649406,1.804381,1.699174,2.566144,2.578309,3.103189,3.279736,3.599968,3.890240,3.449839,3.716270,3.367687,2.590624,2.147324,3.401836,4.019428,3.335470,2.736565,4.110279,3.469169,3.285212
33.392807,-2.338814,3.097438,3.028396,3.180289,2.762749,1.996384,1.298402,0.039205,3.720788,2.315949,1.255990,0.637570,1.757038,1.652160,2.627953,2.591131,3.046166,3.269426,3.817430,3.804544,3.667623,3.578705,2.955637,3.161179,1.660532,2.998807,4.055188,3.365110,2.298742,4.106413,3.522326,3.158279
7.808542,-2.523585,2.982697,2.968231,3.119137,2.778530,1.995069,1.246127,0.037561,3.681993,2.260058,1.210620,0.511322,1.729750,1.649530,2.636830,2.629268,3.088691,3.079026,3.761695,3.662146,3.554543,3.375741,2.651191,2.875740,2.120584,2.930186,4.011374,3.355122,1.798097,4.049712,3.536502,3.121552
0.695169,-2.481831,2.691077,2.712447,2.958039,2.733489,1.867505,1.159331,0.035589,3.508073,1.994740,1.248429,0.487650,1.576214,1.637365,2.594747,2.615131,3.036823,3.052609,3.721747,3.619298,3.504607,3.288756,2.536500,2.779090,1.906344,2.844168,4.016851,3.276514,1.629604,4.035859,3.524582,3.054220
-8.772295,-2.036999,2.100933,2.183455,2.565816,2.583569,1.616982,0.705955,0.033287,3.378866,2.125591,1.096536,0.402827,1.623557,1.547611,2.526363,2.518472,2.956926,3.023614,3.694363,3.572262,3.494298,3.234632,2.468201,2.937596,1.800996,2.730766,4.052933,3.244297,1.635725,4.002998,3.489143,2.921165
-21.883835,-0.962566,2.029261,2.078248,2.127892,1.135002,0.758559,0.718448,0.029013,2.899847,2.427403,1.611721,1.016645,1.979288,1.341471,2.044713,2.248880,2.970457,2.985921,3.673744,3.582571,3.489788,3.223357,2.391203,2.925354,1.737207,2.697905,4.069686,3.316140,1.769102,3.974647,3.468203,2.926964
-24.971102,-0.003864,1.282292,1.300046,1.366786,0.013890,0.014218,0.014218,0.014218,1.091605,1.731065,1.601529,1.052152,1.506514,0.121069,0.366991,0.928534,3.007506,3.038434,3.676322,3.626386,3.514594,3.261050,2.357376,2.905379,1.877027,2.698227,4.064531,3.321617,1.691782,4.008152,3.485277,2.936629
-24.871692,0.077014,0.356470,0.634940,0.603707,0.003040,0.003040,0.003369,0.003369,0.002711,0.003698,0.583652,0.000410,0.000739,-0.000248,0.000081,-0.000248,3.011372,3.042944,3.707894,3.640239,3.552932,3.272326,2.381538,2.881861,1.866396,2.584502,4.067753,3.387661,1.986241,4.034892,3.526837,2.958859
-23.604627,0.104302,0.511322,0.750011,0.616200,0.003369,0.003369,0.003040,0.003040,0.003040,0.004684,0.418608,0.000739,0.000739,0.000081,0.000410,-0.000905,2.995263,3.004606,3.751708,3.626708,3.555509,3.248486,2.302608,2.864786,1.724321,2.557763,4.062276,3.541656,2.281667,4.042946,3.531025,2.912467
-23.315300,0.323922,0.818066,1.021247,0.830888,0.005341,0.004355,0.005013,0.005670,0.005999,0.246660,0.433732,0.000410,0.000410,0.000081,-0.000248,-0.000248,2.977222,2.956604,3.755252,3.621876,3.542301,3.238821,2.120906,2.853833,1.703702,2.493974,4.055833,3.549710,2.059373,4.041013,3.534246,2.925998
-23.704508,0.321292,0.871985,1.026179,0.825957,0.005670,0.005013,0.005341,0.005670,0.007314,0.324579,0.486335,0.000081,0.000081,-0.000248,0.000081,-0.000576,3.058408,3.028769,3.798422,3.706927,3.586759,3.334182,2.096744,2.858987,1.950803,2.526190,4.064853,3.611566,2.316461,4.063887,3.593525,3.005573
-25.407481,0.274277,0.859820,1.047549,0.884478,0.005999,0.005013,0.006328,0.005999,0.005999,0.336744,0.430773,0.001396,0.000081,0.000739,0.000081,-0.000576,3.130251,3.059052,3.846747,3.752997,3.637984,3.443396,2.101899,2.902158,2.232053,2.567750,4.070330,3.639917,2.632183,4.116400,3.682765,3.028769
-26.932666,0.373238,1.135660,1.188592,0.993302,0.007643,0.007314,0.006328,0.007314,0.007972,0.668146,0.518226,0.000410,0.000410,0.000081,0.000410,0.000081,3.187918,3.113498,3.891528,3.813886,3.680832,3.567107,2.139914,2.962080,2.423420,2.567750,4.075807,3.657958,2.714657,4.143462,3.696618,3.079349
-27.631168,0.339045,1.183989,1.189250,0.985740,0.007314,0.006657,0.007643,0.007643,0.007643,0.683270,0.481404,-0.000576,-0.000248,-0.001563,-0.000248,-0.000248,3.214336,3.117042,3.903771,3.829995,3.692108,3.608989,2.120262,2.971423,2.520069,2.569683,4.076129,3.656669,2.724967,4.146039,3.710471,3.083859
-28.603661,0.320305,1.173797,1.182346,0.964370,0.007972,0.007643,0.007643,0.007972,0.007314,0.577076,0.488308,-0.001563,-0.000576,-0.000576,0.000081,0.001067,3.244297,3.145393,3.912791,3.855446,3.701773,3.629930,2.134115,2.980766,2.560340,2.601255,4.077418,3.645071,2.732699,4.165047,3.724969,3.082570
-29.658805,0.304853,1.191222,1.178729,0.955164,0.008958,0.008300,0.007643,0.007643,0.007972,0.568528,0.376854,-0.000576,-0.000576,0.000410,0.000739,0.001067,3.228511,3.133795,3.911180,3.851580,3.695974,3.631218,1.925352,2.993008,2.522647,2.543265,4.067753,3.736567,2.691784,4.148939,3.726257,3.081604
-29.915154,0.223318,1.210291,1.180373,0.969630,0.008300,0.008300,0.008629,0.007314,0.007314,0.631981,0.324908,-0.000576,0.000081,0.000081,0.000081,0.001396,3.202738,3.037467,3.905704,3.834183,3.683409,3.605767,1.704991,2.905379,2.374128,2.399902,4.072908,3.789402,2.612853,4.136696,3.712404,3.006217
-30.275197,0.219372,1.207332,1.194510,0.969959,0.008300,0.008300,0.007972,0.007643,0.006985,0.655653,0.265400,-0.000248,0.000081,0.000739,0.000739,0.000410,3.235921,3.109954,3.927933,3.833216,3.698873,3.628641,1.769746,2.923098,2.530379,2.451448,4.078384,3.815175,2.610598,4.141529,3.728835,3.133472
-31.022990,0.216085,1.224428,1.195168,0.973247,0.007314,0.008300,0.008958,0.007643,0.009287,0.671763,0.274935,-0.000576,0.000081,-0.000576,0.000081,0.000739,3.253640,3.176320,3.940175,3.862211,3.713693,3.647004,1.865107,3.002029,2.581281,2.494940,4.087727,3.839660,2.617041,4.140562,3.768461,3.194040
-31.990219,0.188139,1.220812,1.191551,0.971603,0.007972,0.008300,0.008629,0.007314,0.007643,0.666831,0.252907,0.000081,-0.000248,-0.000248,-0.000576,0.000081,3.261050,3.204671,3.934698,3.864466,3.713693,3.646360,1.954991,3.033601,2.615752,2.500095,4.089016,3.852546,2.633149,4.144428,3.775549,3.205315
-32.949184,0.194057,1.223442,1.180373,0.968973,0.007314,0.007314,0.007314,0.008629,0.007972,0.650721,0.244359,0.000739,0.000410,-0.000248,-0.000248,-0.000248,3.286501,3.252029,3.964982,3.864144,3.738500,3.657314,2.076125,3.086758,2.618330,2.523935,4.081928,3.853835,2.753317,4.150227,3.788113,3.220779
-33.414213,0.160522,1.205360,1.176428,0.936095,0.006657,0.006657,0.007314,0.007643,0.007972,0.574117,0.168741,-0.000248,0.000410,-0.000248,-0.000576,-0.000248,3.300354,3.254607,3.983346,3.863822,3.778448,3.653448,2.130249,3.133150,2.620263,2.544554,4.088049,3.851258,2.786822,4.158926,3.789724,3.195650
-33.821085,0.152960,1.174126,1.154729,0.918342,0.006328,0.006328,0.006657,0.007643,0.007314,0.541898,0.120083,-0.000248,0.000081,0.000081,-0.000248,-0.000576,3.286179,3.251063,3.982379,3.853835,3.786502,3.635084,2.091589,3.118653,2.576770,2.517170,4.087405,3.841270,2.785534,4.160215,3.786180,3.172132
-34.070727,0.135535,1.163277,1.145194,0.916369,0.006985,0.006328,0.006657,0.006657,0.006985,0.536637,0.102001,0.001067,0.000410,0.000081,0.000081,-0.000905,3.268460,3.172132,3.983023,3.827417,3.781992,3.592236,1.770391,2.981088,2.321293,2.368329,4.080962,3.838371,2.724644,4.145395,3.774260,3.166656
-34.050365,0.140467,1.194510,1.152099,0.931821,0.007314,0.006657,0.005999,0.006328,0.006657,0.556693,0.104959,0.001396,-0.000248,0.000081,-0.000248,-0.000248,3.303576,3.197906,4.004931,3.843848,3.827095,3.618654,1.780700,3.000418,2.225932,2.368329,4.096104,3.853835,2.707892,4.154416,3.782958,3.219491
-33.939319,0.140796,1.204373,1.162290,0.955164,0.007314,0.006985,0.006657,0.006985,0.005999,0.610282,-0.000248,0.000410,-0.000905,0.000081,0.000410,0.000081,3.313885,3.249130,4.018784,3.852224,3.847714,3.638950,1.795519,3.058408,2.347066,2.388626,4.123488,3.877997,2.761693,4.160537,3.802933,3.296488
-33.833291,0.166111,1.239223,1.172811,0.986398,0.007972,0.006985,0.007643,0.007314,0.007314,0.715161,0.000410,0.000081,0.000410,0.000739,0.000739,0.000739,3.332249,3.281024,4.041658,3.857057,3.873809,3.646360,1.930507,3.083537,2.402479,2.442105,4.153449,3.888629,2.829993,4.168913,3.807765,3.348357
-35.847211,0.169728,1.260922,1.168537,1.006453,0.008629,0.008300,0.007643,0.007643,0.006985,0.723380,-0.000248,0.001396,0.000739,0.000739,0.001067,0.000081,3.353512,3.399903,4.056477,3.864466,3.889917,3.659569,2.052607,3.121230,2.460469,2.456281,4.176645,3.904093,2.833214,4.176967,3.810987,3.393782
-37.124262,0.164139,1.252703,1.168537,0.985740,0.008629,0.007643,0.007643,0.006985,0.006985,0.708914,0.000739,-0.001234,0.001396,0.001067,0.001067,-0.000248,3.369942,3.428576,4.068075,3.868332,3.899582,3.662146,2.126061,3.138305,2.564206,2.509116,4.184055,3.901193,2.863498,4.183088,3.816464,3.409568
-37.996037,0.165782,1.238894,1.154071,0.982452,0.006985,0.007643,0.007643,0.008300,0.007972,0.652036,0.000739,0.000081,0.000739,0.000081,-0.000248,0.000081,3.359311,3.416334,4.060343,3.861889,3.894428,3.658280,2.069038,3.104800,2.551319,2.501706,4.180189,3.888307,2.868975,4.176967,3.814208,3.422455
-38.231849,0.138166,1.236922,1.148811,0.952205,0.007314,0.006328,0.006328,0.005999,0.007643,0.621132,0.001725,0.000081,0.001396,0.000081,-0.000248,-0.000576,3.333215,3.391849,4.051000,3.834505,3.877997,3.633151,1.874128,2.963369,2.357698,2.351577,4.157315,3.867688,2.756539,4.160537,3.804544,3.393138
-39.065133,0.138494,1.227058,1.144866,0.954178,0.007972,0.006985,0.006328,0.005999,0.006985,0.596803,0.001725,0.001396,0.002054,0.000081,0.000410,0.000081,3.331926,3.378318,4.052611,3.832894,3.874776,3.625097,1.846422,2.929219,2.358342,2.351255,4.150872,3.861889,2.722067,4.164403,3.809376,3.417300
-39.784160,0.152303,1.224428,1.147496,0.958781,0.008300,0.008300,0.007314,0.007972,0.007643,0.629022,0.000410,-0.000248,-0.000905,0.000739,0.001396,0.001396,3.331604,3.386050,4.058410,3.845136,3.896683,3.642172,1.913432,2.983988,2.382505,2.313239,4.151194,3.868977,2.736887,4.163114,3.803577,3.413434
-40.326592,0.147371,1.232648,1.122838,0.944972,0.007643,0.008629,0.008300,0.007972,0.007314,0.627379,0.000081,-0.000576,0.000739,0.000410,0.000410,0.001067,3.339981,3.406669,4.076774,3.850291,3.914402,3.641206,1.937272,3.055508,2.549064,2.301641,4.150872,3.875420,2.823871,4.166658,3.808087,3.429543
-39.784530,0.116467,1.191880,1.103440,0.883163,0.006985,0.006985,0.007314,0.007314,0.007314,0.563926,0.000739,0.000081,0.000410,-0.000576,-0.000905,0.000739,3.353512,3.410857,4.087405,3.859634,3.931155,3.654736,1.841267,3.145393,2.687595,2.464657,4.145073,3.865111,2.906346,4.176001,3.816464,3.461759
-39.736870,0.099042,1.168537,1.080755,0.814450,0.005670,0.006328,0.006657,0.006657,0.007643,0.571816,0.001396,0.000081,0.000410,0.000410,0.000410,-0.000576,3.373164,3.430509,4.090627,3.876709,3.935987,3.667301,1.865429,3.163756,2.746874,2.617041,4.140562,3.853513,2.919877,4.186632,3.841915,3.482056
-39.399618,0.041506,1.126454,1.074180,0.726996,0.006657,0.005670,0.005999,0.005670,0.005999,0.450170,0.000410,0.000739,0.001396,0.000410,0.000410,0.000410,3.367043,3.446617,4.095137,3.879930,3.944041,3.664724,1.974965,3.158924,2.742686,2.624129,4.135730,3.845459,2.920199,4.184377,3.834183,3.470780
-39.538131,0.000739,1.060371,1.071878,0.757901,0.006328,0.006328,0.005999,0.005013,0.005670,0.367320,-0.000576,-0.000905,-0.000248,0.000739,0.000410,0.000739,3.346746,3.426321,4.085150,3.854801,3.917302,3.649582,1.740429,3.108988,2.645392,2.459180,4.132508,3.820330,2.861887,4.164725,3.812920,3.443396
-40.242135,0.000410,1.044590,1.059714,0.742449,0.005999,0.006657,0.006985,0.005999,0.006328,0.390991,0.000410,-0.000248,-0.000905,-0.000248,0.000410,0.000739,3.334826,3.410857,4.087405,3.845781,3.925356,3.639273,1.713045,3.069039,2.614786,2.379283,4.127354,3.815497,2.841590,4.171813,3.803577,3.415690
-40.194989,0.000410,1.036042,1.064645,0.677023,0.005341,0.005341,0.005999,0.005999,0.005341,0.373238,0.000739,0.000739,-0.000248,0.000410,-0.000905,-0.000576,3.351256,3.409246,4.095137,3.850935,3.927933,3.654736,1.705635,3.064207,2.625417,2.392492,4.127998,3.820974,2.868008,4.169880,3.805510,3.429865
-40.201252,0.000739,1.019603,1.010727,0.632310,0.005670,0.005670,0.004684,0.004684,0.006328,0.356142,0.000739,0.001396,0.000410,0.000081,-0.000248,-0.001234,3.366076,3.417300,4.112856,3.862533,3.945652,3.654736,1.713367,3.078060,2.663755,2.398613,4.136696,3.826451,2.851578,4.176323,3.814853,3.452416
-40.308587,0.000081,1.000863,1.014672,0.606337,0.005999,0.005341,0.003698,0.003698,0.004684,0.346278,0.000081,0.000410,0.001725,0.000410,0.001067,0.000081,3.375419,3.425677,4.118011,3.866077,3.958861,3.662791,1.778445,3.121874,2.690173,2.396036,4.138629,3.827739,2.857054,4.192753,3.813242,3.457893
-40.526206,0.000410,0.879218,0.969301,0.452472,0.004026,0.005341,0.004684,0.005341,0.004026,0.287428,0.000410,-0.002549,0.000410,0.000739,0.000410,0.000739,3.382829,3.437275,4.122843,3.881541,3.969492,3.681154,1.860275,3.133795,2.704670,2.405056,4.143140,3.833216,2.933408,4.199197,3.825484,3.504607
-41.471486,0.000081,0.753298,0.903547,0.388690,0.003698,0.004684,0.003698,0.004355,0.004684,0.157563,0.000739,-0.001234,0.002711,-0.001234,0.000410,0.000081,3.402481,3.439208,4.122521,3.888951,3.974325,3.687920,1.920197,3.125096,2.714335,2.404412,4.146361,3.836760,2.954993,4.210795,3.837727,3.518460
-41.362447,0.000081,0.718777,0.865081,0.364032,0.003698,0.003040,0.001725,0.003040,0.003698,0.074712,0.001067,0.000410,0.000410,-0.000248,0.000081,-0.000576,3.383473,3.412468,4.116400,3.878319,3.951129,3.675999,1.758148,3.075483,2.699193,2.367041,4.138952,3.807765,2.916655,4.203707,3.825484,3.490432
-41.454726,0.000410,0.633296,0.809518,0.349566,0.003040,0.003040,0.003369,0.002054,0.001396,0.014547,-0.000248,0.000739,0.000739,0.000410,0.000081,-0.000248,3.349323,3.328705,4.104158,3.858345,3.932765,3.663435,1.435016,2.921810,2.634116,2.182440,4.123810,3.753319,2.799709,4.182122,3.808087,3.445329
-42.112930,0.000410,0.526774,0.735216,0.318333,0.003369,0.002711,0.003040,0.003040,0.002711,0.000739,-0.000248,-0.000905,0.000410,0.000410,0.001067,0.001396,3.376385,3.377996,4.119622,3.860278,3.949196,3.663435,1.612530,3.009761,2.642170,2.208858,4.128320,3.810665,2.780057,4.192431,3.811631,3.460148
-42.013673,0.000410,0.335758,0.702339,0.288086,0.003040,0.003369,0.002711,0.001396,0.003040,0.001725,0.000081,0.000081,0.000739,-0.000248,0.001067,0.000410,3.374452,3.514272,4.120266,3.850613,3.977224,3.663435,2.047775,3.091591,2.722067,2.354476,4.119944,3.812598,2.850933,4.195331,3.811631,3.447584
-42.447939,0.001067,0.198002,0.615872,0.230551,0.001725,0.001396,0.000739,0.002382,0.002382,0.000410,0.001067,-0.000248,-0.000905,-0.000248,-0.000248,-0.000248,3.380896,3.518783,4.116722,3.842559,3.973681,3.656992,2.215623,3.102545,2.764593,2.493330,4.127676,3.856412,2.930830,4.197908,3.809376,3.420522
-42.460012,-0.000248,0.037232,0.414663,0.130933,0.000081,-0.000248,-0.000248,0.001396,0.001725,0.001725,0.000410,0.000081,-0.000248,0.000081,0.000410,-0.000248,3.404092,3.520716,4.113501,3.847069,3.981413,3.665046,2.266847,3.101256,2.785534,2.570971,4.127676,3.856090,2.905057,4.201452,3.811953,3.430187
-42.513201,0.000739,0.013232,0.255866,0.024410,0.000739,0.000410,0.000410,-0.000248,0.000739,0.000739,0.000739,0.001067,0.001067,0.000081,0.000410,0.000081,3.419556,3.533280,4.118977,3.854801,3.981413,3.681154,2.266525,3.113176,2.804541,2.712402,4.139918,3.868010,2.981088,4.213372,3.832894,3.462726
-42.379843,0.000081,-0.000248,0.168084,0.000410,0.001067,-0.000248,0.001067,-0.000248,-0.000248,-0.000576,0.001725,0.001396,0.000739,0.000739,-0.000248,0.000410,3.425999,3.537790,4.124454,3.861245,3.995588,3.679221,2.259760,3.086758,2.791655,2.718201,4.143140,3.859312,2.974967,4.206606,3.847392,3.509440
-42.327243,0.000410,0.000739,0.016848,-0.000576,0.000739,-0.000248,0.000410,-0.000248,0.000410,-0.000576,-0.000248,0.000081,0.000739,0.000739,-0.000905,0.000739,3.397326,3.514272,4.117366,3.843526,3.985279,3.650870,2.204025,2.994297,2.762338,2.521680,4.135730,3.827417,2.920199,4.184055,3.831283,3.485599
-42.856563,0.000410,-0.000248,0.000410,0.001067,0.001067,-0.000576,0.000410,-0.000248,-0.000248,-0.000248,-0.000248,-0.000576,0.000081,0.001067,0.000739,0.000739,3.368976,3.493009,4.108346,3.824518,3.971425,3.640239,2.031344,2.952738,2.707892,2.347066,4.110601,3.799067,2.870263,4.178900,3.805510,3.439530
-43.214264,0.000739,0.000410,0.001396,0.001067,0.000410,0.000410,0.000410,-0.000576,-0.000248,-0.000248,-0.000248,0.000081,-0.000576,0.000410,0.000410,0.000410,3.407313,3.502996,4.120588,3.829672,3.993010,3.655381,2.050352,2.944683,2.708858,2.457569,4.136052,3.813564,2.908279,4.189854,3.831928,3.487855
-44.228221,0.000410,-0.000576,0.000081,0.001396,0.000410,0.000410,-0.000905,0.000739,0.000410,-0.000576,-0.000576,-0.000248,-0.000905,0.000739,0.000410,0.001067,3.431476,3.509118,4.126065,3.840948,4.002998,3.663435,2.087079,2.932763,2.702737,2.489141,4.139918,3.820330,2.968202,4.185021,3.840304,3.517816
-45.232211,0.000410,-0.000248,-0.000248,0.001067,0.000739,0.000410,0.001396,-0.000248,0.000410,0.000410,-0.000905,0.000410,0.000081,0.000410,0.001067,0.000081,3.454027,3.501708,4.126387,3.856734,4.028449,3.684376,2.097066,2.945972,2.696616,2.501384,4.143784,3.833861,3.040367,4.200485,3.854157,3.564852
-45.284515,0.000410,0.000081,-0.000248,0.000410,0.001067,0.001067,0.000081,-0.000576,0.000081,0.000081,-0.000576,-0.000248,-0.000576,-0.000905,0.000410,0.000410,3.470136,3.524259,4.140562,3.873165,4.046490,3.685342,2.070971,2.913111,2.669876,2.489464,4.153127,3.842237,3.092557,4.205962,3.870588,3.592236
-45.655227,0.000081,-0.000576,0.001396,0.001067,0.000410,0.000081,0.000739,0.000081,0.001725,-0.000905,0.001396,0.000410,-0.000576,0.000410,0.000739,0.000410,3.498164,3.523293,4.153771,3.889595,4.072263,3.700484,2.128316,2.900225,2.705637,2.301319,4.157959,3.829672,3.171166,4.228514,3.891206,3.613821
-46.307960,0.000410,0.000410,-0.000248,0.000081,-0.000576,-0.000248,0.000739,0.001067,0.001725,0.000739,-0.000248,0.000081,-0.001234,0.000081,-0.000248,0.000410,3.544556,3.542623,4.163436,3.926322,4.078707,3.743332,2.135404,2.875740,2.720778,2.545520,4.175356,3.923101,3.234310,4.235924,3.914402,3.669556
-47.196351,0.000081,0.000410,-0.000905,-0.000576,-0.000576,-0.000248,0.000081,0.001067,0.000739,0.001396,0.000081,-0.000248,-0.000905,-0.000248,-0.000248,0.000739,3.531347,3.540045,4.156993,3.939531,4.056155,3.758152,2.060661,2.796809,2.742041,2.726577,4.173423,3.916979,3.232055,4.231735,3.906670,3.666657
-49.346466,0.000081,0.000739,0.001396,-0.002220,-0.000576,0.000081,0.000739,0.000739,0.002382,0.000739,0.000410,0.000081,-0.001563,-0.000248,-0.000576,0.000081,3.535213,3.492687,4.127676,3.928900,4.005897,3.752353,1.803896,2.933085,2.909567,2.800031,4.150550,3.909892,3.212081,4.215949,3.891206,3.633474
-51.140846,0.000410,0.000410,0.000410,0.000410,0.000081,-0.000576,0.000739,0.000081,0.001067,0.001067,0.001725,0.000739,0.001067,-0.000248,0.000410,0.000410,3.554221,3.421811,4.121555,3.933410,3.968848,3.777804,1.769424,2.934052,3.092235,2.999129,4.166336,3.952095,3.290045,4.219493,3.904737,3.666979
-52.835602,0.000410,0.000739,-0.000248,0.000410,0.000081,0.000081,0.000081,-0.000576,-0.000905,0.000410,-0.000248,0.001396,0.001067,0.001396,0.000081,0.000081,3.540368,3.350612,4.087727,3.970781,3.930833,3.792946,2.014592,2.846423,3.044877,3.098679,4.174712,3.876386,3.324194,4.215627,3.884763,3.696296
-52.220635,0.000081,-0.000248,0.000410,0.000739,0.001067,0.000410,0.000410,-0.000905,-0.000248,-0.000576,0.000081,0.000410,0.000410,0.000739,0.001067,0.000410,3.508795,3.269749,4.048423,4.005897,3.867044,3.819363,2.300997,2.850289,3.007184,3.291656,4.166658,3.702739,3.356089,4.170202,3.838371,3.650548
-51.231792,0.000410,-0.000248,-0.000248,0.001396,0.000081,0.001067,-0.000576,0.000739,0.000081,0.002711,0.000739,-0.000248,-0.000576,-0.000248,0.001067,0.001396,3.173743,2.674387,3.829995,3.751708,3.559053,3.566463,1.875094,1.936950,1.933084,3.306153,3.935021,3.124452,2.879928,3.684376,3.159246,2.802286
-45.807981,0.000081,-0.000248,-0.001234,-0.001234,-0.000248,-0.000576,-0.000248,0.000410,0.000081,0.000410,-0.000576,0.000739,0.000410,-0.000576,-0.000576,0.000410,2.308729,1.789076,2.932119,3.093202,2.449515,2.515237,1.361241,2.098355,0.580957,2.459824,3.522971,2.263303,1.498483,3.228833,1.909888,1.510725
-36.501947,0.000739,0.003040,0.000739,0.000081,-0.001234,-0.000905,0.000081,0.000739,0.000739,0.000739,0.000739,-0.001234,0.000081,-0.000576,-0.000248,-0.000248,1.976898,1.973677,1.877672,3.024903,1.983342,2.302930,2.542299,2.237208,0.992039,2.703704,3.763628,2.465946,1.527800,3.388628,2.037788,1.763625
-12.236785,0.000739,0.000410,0.000410,-0.000576,-0.000576,-0.000576,0.000739,0.001725,0.001396,0.000739,0.000081,0.000410,0.000081,0.000081,-0.000576,0.000410,2.613497,2.623807,2.301319,3.125096,2.364141,2.508149,3.158924,2.501384,2.047453,3.410213,3.928255,2.915366,0.697258,3.754608,2.559696,2.763626
1.524120,0.001067,0.000081,0.000081,0.000081,-0.000248,-0.000248,0.000081,0.000081,0.000410,0.000410,0.000739,0.000081,0.000410,0.000739,-0.000248,-0.000248,2.735920,2.555830,2.335146,3.114787,2.451448,2.621874,3.513628,2.865109,2.462402,3.481089,4.014596,3.021037,0.323547,3.855124,2.601899,2.876707
13.830115,-0.000248,0.001396,0.000081,0.000739,0.000081,-0.000576,-0.000248,-0.001234,0.000410,-0.001234,0.000739,0.001396,-0.000576,-0.000248,-0.000576,-0.000248,2.927931,2.712080,2.724322,3.301643,2.757183,2.922776,3.621876,2.993330,2.702093,3.279091,4.036825,3.311308,0.350931,4.051967,3.018459,3.354156
25.274699,0.000081,0.000410,0.000410,0.000410,0.000410,-0.000905,-0.000248,-0.001234,0.000410,0.001067,0.000739,0.001067,0.000410,0.000081,-0.000248,0.000081,3.130251,3.015238,3.462726,3.731734,3.385728,3.356411,3.800033,2.936951,2.746229,1.271679,4.082573,3.762340,1.142490,4.199841,3.298099,3.888307
29.054624,0.000081,0.000410,-0.000248,0.000410,0.001396,0.000410,0.000410,0.000410,-0.000248,0.000081,0.000739,0.001067,0.000739,0.000410,0.000081,0.000410,3.230766,3.332571,3.693719,3.893783,3.546489,3.566463,3.937598,2.916011,2.810663,0.241717,4.095137,3.959827,1.645068,4.269751,3.441463,4.026838
32.327006,-1.146679,0.279538,0.300579,1.055111,0.005013,0.004684,0.005341,0.003369,1.153085,0.105946,0.000739,-0.000248,0.000739,0.550446,0.975548,1.627502,3.286179,3.447906,3.750420,3.964338,3.614466,3.655381,3.977547,2.946939,2.876062,0.014268,4.100292,3.974325,2.276834,4.295524,3.525548,4.072585
35.321708,-1.823624,0.064849,0.557679,1.357252,0.007314,0.006985,0.006657,0.005999,1.824108,0.006985,0.000410,0.002054,0.002054,0.590227,1.181030,1.735668,3.355122,3.464981,3.764917,3.994299,3.641850,3.696296,4.017817,3.008794,2.906990,0.012335,4.098037,3.981413,2.436951,4.302934,3.543911,4.087083
42.479604,-2.238866,0.091480,0.894999,1.588050,0.801299,0.473513,0.010273,0.008629,2.251182,0.259154,0.277236,0.001396,0.406444,0.682612,1.636379,2.031234,3.353512,3.476901,3.773616,4.007186,3.643461,3.704672,4.016851,2.997196,2.933085,0.012657,4.091593,3.963693,2.502995,4.313243,3.558731,4.088372
40.770088,-2.786934,1.041631,1.813587,2.238359,1.927013,0.916698,0.019807,0.019150,2.805818,0.791765,0.538281,0.001067,1.036042,1.004151,1.988493,2.314634,3.371231,3.491398,3.785858,4.030382,3.672456,3.724324,4.033603,3.072583,2.946939,0.012657,4.097714,3.963049,2.520714,4.321942,3.580961,4.098681
39.434066,-2.981898,1.552871,2.242962,2.832120,2.505322,1.627502,0.026712,0.026054,3.008013,1.490405,0.952863,0.001725,1.360540,1.390458,2.441540,2.588172,3.357055,3.487855,3.779737,4.036825,3.669556,3.732378,4.046490,3.060663,2.928253,0.012657,4.084183,3.959827,2.478510,4.319364,3.583538,4.100292
38.897920,-3.121627,1.810628,2.448773,2.924834,2.623350,1.653475,0.028684,0.028027,3.150699,1.663010,0.987384,0.137837,1.495007,1.453253,2.501048,2.628940,3.287468,3.437597,3.737533,4.011374,3.620265,3.670845,3.989789,3.042300,2.842557,0.010724,4.051645,3.921168,2.297453,4.299712,3.559375,4.072263
38.091049,-2.889512,1.865204,2.540829,2.939957,2.621378,1.660708,0.030986,0.029013,3.247029,1.859615,1.003165,0.198002,1.528542,1.454897,2.507952,2.628940,3.292300,3.446295,3.744943,4.008797,3.626064,3.675999,4.002998,2.975611,2.870263,0.012013,4.031026,3.882508,2.375417,4.305834,3.575806,4.064531
38.659530,-2.820798,1.831012,2.599021,2.936012,2.607898,1.641639,0.030986,0.029999,3.252289,1.800436,0.963384,0.166769,1.516049,1.464432,2.507294,2.619405,3.266849,3.434697,3.738177,4.033281,3.623486,3.675033,4.010730,2.948227,2.868975,0.010724,4.009441,3.885407,2.282956,4.304867,3.579994,4.063565
39.455523,-2.631094,1.886245,2.631570,2.988286,2.592775,1.636050,0.031643,0.031972,3.261824,1.879341,1.038672,0.203591,1.547940,1.481199,2.506637,2.605268,3.315496,3.463048,3.748487,4.044879,3.639917,3.705316,4.039725,3.041977,2.883472,0.012013,4.049390,3.935343,2.400546,4.311310,3.588692,4.079351
38.600950,-2.583093,2.005589,2.684831,3.008999,2.581925,1.618297,0.075699,0.030657,3.255577,1.986521,1.061686,0.265400,1.595283,1.492706,2.517157,2.592446,3.374130,3.521360,3.767172,4.059699,3.665368,3.736889,4.064853,3.142493,2.930508,0.009114,4.043268,3.941786,2.567428,4.316787,3.605767,4.093526
40.421620,-2.582436,2.010521,2.712776,3.052725,2.552336,1.592981,0.030986,0.030657,3.241769,2.010192,1.081741,0.264743,1.587063,1.499939,2.516829,2.590473,3.393138,3.572584,3.771038,4.082573,3.660858,3.752031,4.086116,3.125740,2.975289,0.012657,4.043913,3.935021,2.672454,4.322586,3.611888,4.092882
40.739281,-2.678109,2.108824,2.664118,3.040561,2.530966,1.567337,0.031314,0.030328,3.224673,1.859944,1.029795,0.219044,1.562734,1.496651,2.517157,2.570747,3.399903,3.564852,3.770072,4.084183,3.662468,3.751064,4.092238,3.107377,2.970779,0.014268,4.015884,3.908603,2.684374,4.320653,3.617687,4.090949
41.008752,-2.751097,2.156824,2.681214,3.122754,2.534582,1.567337,0.031643,0.030657,3.227960,1.892821,1.097851,0.239756,1.533802,1.490405,2.512226,2.572720,3.405058,3.540045,3.774582,4.071619,3.663757,3.769105,4.092882,3.258473,2.991075,0.013624,4.041013,3.963049,2.679219,4.324519,3.615110,4.087727
40.368944,-2.679096,2.203838,2.744667,3.170425,2.550363,1.571611,0.033616,0.031643,3.222700,1.974027,1.075823,0.241400,1.587063,1.500268,2.511240,2.585542,3.379285,3.523615,3.752997,4.065498,3.640883,3.761051,4.083861,3.272970,2.937918,0.012657,4.057121,3.959505,2.657312,4.320009,3.609311,4.082573
39.237322,-2.340457,2.235729,2.733818,3.191467,2.549377,1.563063,0.033287,0.033287,3.223029,2.025973,1.136317,0.292031,1.613365,1.502569,2.505322,2.569761,3.307120,3.473035,3.705961,4.036825,3.606412,3.715948,4.054544,3.228833,2.844168,0.012013,4.057766,3.919557,2.481732,4.306800,3.569040,4.047779
38.847771,-2.345718,2.235401,2.739735,3.203631,2.531295,1.559775,0.047096,0.032958,3.329879,1.972383,1.159331,0.296305,1.620269,1.531501,2.512226,2.572391,3.311630,3.480123,3.710471,4.051323,3.613821,3.735922,4.066464,3.302932,2.850933,0.012657,4.053900,3.918590,2.565172,4.307122,3.579994,4.053900
37.804238,-2.172782,2.340279,2.699625,3.186206,2.554637,1.541035,0.246332,0.032630,3.398592,1.977973,1.150783,0.323922,1.716928,1.536104,2.511240,2.573706,3.347713,3.474002,3.719814,4.051967,3.626064,3.753964,4.067431,3.345135,2.879928,0.013624,4.059377,3.928255,2.626062,4.311310,3.587082,4.059377
37.703885,-2.084671,2.443513,2.797928,3.184234,2.576994,1.543337,0.482719,0.033945,3.428511,2.031891,1.214894,0.334771,1.738298,1.559118,2.520116,2.571076,3.326450,3.469491,3.707249,4.054222,3.621876,3.745909,4.065820,3.387339,2.872841,0.012657,4.057766,3.921812,2.547453,4.311310,3.591592,4.057766
37.386513,-2.068232,2.477376,2.861052,3.200672,2.576336,1.541035,0.662886,0.034273,3.484402,2.099947,1.222456,0.337402,1.779066,1.558789,2.506308,2.565487,3.326772,3.521682,3.736244,4.064209,3.632507,3.752675,4.082250,3.378640,2.926964,0.012657,4.057444,3.914080,2.623484,4.316143,3.616399,4.067109
35.959936,-2.002806,2.449759,2.861381,3.137548,2.485595,1.476596,0.419923,0.033945,3.396620,2.063124,1.238565,0.333127,1.686681,1.521967,2.482308,2.537212,3.407958,3.619298,3.764917,4.079673,3.663113,3.800355,4.121232,3.330316,2.997841,0.013302,4.078384,3.973681,2.913433,4.339983,3.642816,4.101903
35.828663,-2.069547,2.497431,2.870915,3.119466,2.472773,1.446349,0.327538,0.034602,3.458429,2.011507,1.250730,0.332799,1.727778,1.522624,2.479677,2.517815,3.452094,3.651193,3.783281,4.088694,3.702739,3.837082,4.183733,3.401514,3.034890,0.014268,4.088049,4.003964,3.134439,4.354803,3.710793,4.122199
35.911858,-2.075136,2.553322,2.921875,3.117493,2.482965,1.446678,0.464965,0.034602,3.465333,2.020055,1.236593,0.332799,1.755394,1.545309,2.486910,2.526034,3.464014,3.689530,3.791979,4.092882,3.704994,3.855124,4.195975,3.389916,3.080959,0.013946,4.092560,4.016206,3.136050,4.363823,3.731090,4.137341
36.265285,-2.029108,2.602638,2.932066,3.143795,2.492828,1.433856,0.678996,0.035917,3.527799,2.003288,1.271114,0.338717,1.802409,1.526898,2.486910,2.527021,3.448873,3.649582,3.787469,4.088372,3.707894,3.871876,4.203707,3.369620,3.062274,0.012980,4.080962,4.012663,3.148292,4.355125,3.730768,4.137341
35.447579,-1.931133,2.583569,2.955080,3.106315,2.459294,1.399992,0.695763,0.034602,3.461716,2.054576,1.335553,0.340689,1.720216,1.505199,2.453705,2.491513,3.415045,3.538435,3.756863,4.062598,3.678577,3.839982,4.194042,3.413434,2.987854,0.012335,4.078384,3.990433,3.044555,4.340305,3.699840,4.122843
35.548943,-1.930147,2.773599,3.051739,3.287139,2.501705,1.517693,0.747052,0.038219,3.616896,2.277154,1.375992,0.405129,1.850081,1.601529,2.506965,2.527021,3.422777,3.556798,3.762018,4.067753,3.674711,3.844170,4.198552,3.419556,3.049709,0.012013,4.079029,3.990433,3.039400,4.345460,3.709182,4.129609
34.928470,-1.921928,2.858751,3.114863,3.360126,2.614802,1.559447,0.841409,0.039205,3.726048,2.329100,1.453253,0.610611,1.921424,1.630790,2.560884,2.556610,3.420844,3.578383,3.762984,4.061310,3.688564,3.845459,4.198230,3.383795,3.087403,0.012657,4.080640,3.997521,3.056153,4.357380,3.723036,4.130575
34.942283,-1.763787,2.964286,3.095466,3.363414,2.639789,1.561748,1.338841,0.041178,3.747747,2.394526,1.478569,0.645790,1.947397,1.678462,2.579953,2.560884,3.434053,3.606412,3.776193,4.064853,3.707572,3.866399,4.202096,3.310664,3.063885,0.012657,4.083217,4.011374,3.118009,4.369945,3.742043,4.141851
35.663691,-1.741431,2.997163,3.089219,3.344016,2.626638,1.566680,1.325032,0.039863,3.727034,2.375457,1.472651,0.642173,1.939178,1.676818,2.567788,2.552336,3.472391,3.633474,3.788757,4.074841,3.725935,3.881863,4.220460,3.315496,3.088047,0.011047,4.079351,4.029737,3.169555,4.384442,3.768783,4.162470
36.257993,-1.791404,2.978752,3.114206,3.361441,2.584555,1.529528,0.904533,0.038876,3.731309,2.299182,1.465418,0.632968,1.921095,1.648872,2.537870,2.543788,3.515239,3.673100,3.829672,4.088372,3.745587,3.908925,4.241400,3.461115,3.114143,0.011691,4.088694,4.085150,3.214980,4.401517,3.799711,4.191142
35.822001,-1.668114,3.081328,3.136891,3.397277,2.604282,1.575228,0.954507,0.041835,3.765172,2.410636,1.533145,0.690503,1.943780,1.679119,2.534911,2.544774,3.589659,3.713693,3.862856,4.102547,3.794234,3.957250,4.273295,3.501386,3.288434,0.010724,4.101580,4.133153,3.295844,4.419558,3.823873,4.207895
36.055399,-1.650689,3.160234,3.131302,3.393332,2.589158,1.574241,0.971274,0.039863,3.767473,2.408334,1.574241,0.707928,1.944109,1.683393,2.532281,2.531623,3.589981,3.721747,3.869299,4.110279,3.797134,3.964660,4.279094,3.480767,3.278125,0.013302,4.113823,4.130253,3.298743,4.422458,3.831605,4.206929
35.052770,-1.647073,3.195083,3.117822,3.396291,2.609871,1.597584,1.093906,0.041178,3.772076,2.397485,1.582461,0.729955,1.945095,1.687667,2.543788,2.541158,3.546167,3.704350,3.842237,4.095137,3.765561,3.946296,4.263630,3.463048,3.191462,0.012980,4.093526,4.109957,3.249130,4.408927,3.819041,4.201774
35.954475,-1.642141,3.204289,3.181604,3.419634,2.665762,1.622571,1.308265,0.041835,3.783912,2.423786,1.596927,0.743106,1.963835,1.707394,2.559240,2.557925,3.527803,3.711760,3.841915,4.092238,3.764595,3.948552,4.257186,3.442429,3.233344,0.012980,4.084183,4.108024,3.227867,4.404416,3.819363,4.197264
35.814042,-1.644114,3.210207,3.182590,3.421606,2.672009,1.653804,1.335553,0.041506,3.782597,2.456335,1.608434,0.750339,1.962520,1.710353,2.556281,2.559569,3.560342,3.746876,3.849969,4.104480,3.780059,3.963371,4.260086,3.489465,3.370264,0.013624,4.091271,4.106413,3.319684,4.406994,3.838049,4.198874
36.098297,-1.651675,3.210864,3.178316,3.453497,2.664118,1.622571,1.422349,0.041835,3.787528,2.454362,1.612050,0.758887,1.960219,1.709695,2.552665,2.552665,3.560020,3.747842,3.849969,4.100936,3.781670,3.966593,4.259764,3.487532,3.389272,0.013624,4.087727,4.120910,3.331604,4.418269,3.842559,4.197264
36.439080,-1.664498,3.211851,3.211851,3.445278,2.677269,1.725147,1.466733,0.043150,3.783583,2.514198,1.594954,0.772367,1.952328,1.724161,2.565158,2.568446,3.550677,3.747520,3.850291,4.094493,3.779092,3.955639,4.252354,3.496875,3.367043,0.018779,4.078707,4.114789,3.351901,4.420847,3.846747,4.190820
35.926895,-1.695074,3.200672,3.156288,3.410428,2.625652,1.562077,1.254018,0.041506,3.774377,2.438252,1.561419,0.692147,1.925698,1.663010,2.531295,2.537212,3.567107,3.764595,3.863500,4.116722,3.807121,3.975291,4.261375,3.493654,3.450806,0.013946,4.098037,4.116078,3.388950,4.426968,3.856734,4.185343
36.702610,-1.717430,3.195412,3.118151,3.373935,2.598693,1.517693,0.744093,0.040520,3.777336,2.399786,1.543666,0.655653,1.880985,1.633749,2.500719,2.501376,3.587404,3.796167,3.879930,4.139918,3.832894,4.020072,4.283282,3.535857,3.483344,0.014590,4.092882,4.111890,3.440496,4.432123,3.888307,4.189209
37.063925,-1.760828,3.152343,3.117822,3.368017,2.576336,1.456870,0.741462,0.039863,3.755309,2.467513,1.522953,0.613899,1.864218,1.581474,2.484280,2.493815,3.548744,3.790368,3.868655,4.134763,3.808410,4.006219,4.283604,3.665690,3.465947,0.016201,4.081928,4.078384,3.413112,4.427934,3.873165,4.163114
36.144799,-1.795350,3.099740,3.059958,3.346318,2.535569,1.442075,0.790449,0.038547,3.735254,2.398471,1.486131,0.588255,1.855670,1.564049,2.451732,2.477705,3.506540,3.777159,3.832894,4.126065,3.774582,3.981735,4.270395,3.750098,3.397970,0.405699,4.077740,4.061954,3.369942,4.411826,3.845459,4.139918
35.543897,-1.775623,3.164836,3.067191,3.354537,2.502691,1.441746,0.810833,0.039534,3.761227,2.419184,1.512761,0.597132,1.859615,1.590351,2.435293,2.450417,3.474002,3.773616,3.817108,4.113178,3.752031,3.964016,4.260730,3.758796,3.365432,0.529732,4.062598,4.028449,3.336759,4.405705,3.834505,4.136696
35.578259,-1.695731,3.218097,3.096781,3.330537,2.518801,1.431554,0.849957,0.036575,3.743144,2.412279,1.512761,0.608639,1.845807,1.591995,2.440882,2.463239,3.473357,3.763628,3.822907,4.118655,3.767172,3.973681,4.265885,3.793590,3.367043,0.688882,4.050678,4.028127,3.343847,4.406349,3.849969,4.131220
35.395441,-1.676662,3.282208,3.129987,3.365387,2.529651,1.459829,1.084372,0.039863,3.818104,2.581925,1.582461,0.707599,1.878355,1.644927,2.432663,2.457650,3.470780,3.770394,3.819685,4.122521,3.750098,3.977547,4.262985,3.810020,3.361888,0.605441,4.059377,4.038758,3.323872,4.405383,3.871554,4.149261
35.245725,-1.609264,3.294701,3.118480,3.330208,2.507623,1.422678,1.429253,0.041506,3.824022,2.620063,1.605803,0.778614,1.899725,1.642626,2.402087,2.453047,3.512339,3.777159,3.841593,4.124132,3.776193,3.984312,4.262019,3.829350,3.409246,0.483663,4.055833,4.050034,3.309697,4.419236,3.879286,4.162792
35.105856,-1.561263,3.319030,3.080671,3.280235,2.422143,1.402294,1.409527,0.042493,3.842762,2.562528,1.613694,0.750997,1.860272,1.604159,2.316278,2.438910,3.520716,3.811953,3.850613,4.135408,3.804866,4.017495,4.270073,3.854157,3.406347,0.492361,4.065498,4.057766,3.322584,4.427934,3.913113,4.177289
35.617845,-1.481370,3.379195,3.052725,3.236837,2.356388,1.402623,1.342786,0.040849,3.863803,2.459951,1.690955,0.749353,1.859286,1.573255,2.264004,2.412937,3.535857,3.837404,3.853191,4.152160,3.827095,4.045524,4.276516,3.872520,3.427610,0.536176,4.065498,4.073552,3.309053,4.435022,3.935665,4.189532
37.810847,-1.428438,3.469607,2.999793,3.264454,2.394197,1.441418,1.372047,0.165125,3.935146,2.406033,1.762956,0.835820,1.867834,1.574899,2.274524,2.399786,3.554543,3.875098,3.865433,4.176645,3.853835,4.095459,4.300679,3.882508,3.449195,0.308083,4.076774,4.099325,3.303898,4.444043,3.949518,4.198552
38.420942,-1.459671,3.445278,2.970861,3.330537,2.471458,1.447335,1.367115,0.238441,3.953229,2.388937,1.710024,0.822998,1.870464,1.552542,2.294251,2.396498,3.554543,3.867688,3.862856,4.178578,3.859634,4.101903,4.313888,3.885085,3.487210,0.014590,4.073874,4.102547,3.304542,4.442754,3.949840,4.199841
38.319615,-1.506029,3.449881,3.079685,3.391688,2.509267,1.471665,1.451609,0.042821,3.908516,2.481650,1.737312,0.792422,1.926684,1.620269,2.335018,2.433978,3.557442,3.835149,3.864789,4.166658,3.853191,4.097714,4.311310,3.873165,3.493009,0.016201,4.049390,4.099325,3.235277,4.437599,3.936631,4.184699
39.097838,-1.532988,3.439031,3.129658,3.417004,2.512226,1.481528,1.537748,0.043808,3.897995,2.494143,1.740928,0.812148,1.950685,1.632434,2.332388,2.431348,3.533602,3.836116,3.867688,4.155382,3.851580,4.085472,4.300679,3.860923,3.489465,0.013946,4.035214,4.086116,3.236565,4.432445,3.924389,4.182444
42.909212,-1.454411,3.482429,3.110918,3.386757,2.510582,1.517364,1.696873,0.042493,3.919365,2.423129,1.775121,0.868368,1.948383,1.630461,2.329100,2.417869,3.552932,3.833861,3.874776,4.164403,3.861245,4.093848,4.309055,3.862856,3.499453,0.014268,4.038758,4.071941,3.182764,4.434378,3.925678,4.184377
44.878013,-1.465918,3.487361,3.122096,3.424237,2.532938,1.553529,1.785641,0.044465,3.937119,2.412608,1.746518,0.843053,1.954959,1.617968,2.314963,2.409978,3.582894,3.852546,3.898938,4.184377,3.893783,4.121232,4.320331,3.884118,3.492687,0.014913,4.045846,4.070330,3.250741,4.436955,3.948874,4.193720
47.063411,-1.451123,3.449223,3.214481,3.441333,2.576007,1.649530,1.923725,0.044465,3.929229,2.411622,1.726791,0.846012,1.927999,1.651503,2.441540,2.452718,3.614466,3.877675,3.971748,4.232380,3.960794,4.171813,4.368334,3.883474,3.560664,0.014268,4.119622,4.120910,3.333215,4.448553,4.003642,4.214661
48.156523,-1.442246,3.463360,3.192124,3.487361,2.609213,1.675503,1.836272,0.044137,3.928242,2.506965,1.765915,0.858505,1.962192,1.704764,2.471458,2.479677,3.600290,3.882830,3.993655,4.230447,3.963371,4.176323,4.362213,3.877031,3.578383,0.013946,4.126065,4.109957,3.345457,4.446298,4.006219,4.214338
48.893293,-1.415287,3.509388,3.211851,3.483415,2.593432,1.653475,1.459500,0.044137,3.920680,2.520445,1.751778,0.778942,1.961534,1.693585,2.456664,2.466198,3.594169,3.896361,4.001065,4.233668,3.966593,4.183088,4.356414,3.837404,3.613177,0.013624,4.123488,4.110601,3.371231,4.440499,3.988822,4.204029
48.592988,-1.387012,3.457771,3.192453,3.483087,2.622364,1.651503,1.450623,0.042821,3.922324,2.449759,1.725476,0.790449,2.021042,1.715942,2.484938,2.472445,3.597069,3.892817,4.005575,4.227547,3.974647,4.190820,4.348037,3.789402,3.614466,0.012335,4.115756,4.098359,3.444040,4.434378,3.977224,4.191142
49.738005,-1.386684,3.450867,3.225988,3.530758,2.700612,1.814244,1.769860,0.045780,3.929229,2.519130,1.750134,0.875273,2.076604,1.775121,2.569761,2.567131,3.623486,3.919879,4.031670,4.242367,3.983023,4.206284,4.339661,3.712726,3.642172,0.011047,4.114467,4.071941,3.589981,4.415370,3.951773,4.146361
48.420350,-1.394245,3.478484,3.259194,3.522539,2.800887,1.902684,1.823121,0.046438,3.928900,2.555952,1.734024,0.906177,2.073974,1.819834,2.600008,2.655899,3.691463,3.986889,4.029415,4.243656,3.976258,4.224326,4.304867,3.487210,3.711115,0.014590,4.134441,4.009763,3.724969,4.392174,3.916335,4.089982
46.517030,-1.446849,3.463032,3.248344,3.542265,2.837052,1.932273,1.868492,0.045123,3.934489,2.504664,1.724490,0.914725,2.065426,1.836272,2.610857,2.678913,3.524904,3.942753,3.926644,4.227869,3.882185,4.197586,4.225614,3.272648,3.620909,0.017490,4.090949,3.933088,3.659569,4.292303,3.746232,3.890884
41.744552,-1.522467,3.470922,3.210207,3.506100,2.826202,1.999343,1.852711,0.045452,3.885502,2.410964,1.658407,0.895985,2.042741,1.782682,2.573377,2.641433,3.157313,3.487210,3.629608,4.026838,3.502996,3.828706,3.701128,2.857699,2.756861,3.690497,4.128320,3.468525,3.109954,4.060021,3.470136,3.307120
31.907910,-1.605647,3.405825,3.184234,3.481114,2.814695,1.992110,1.811614,0.044794,3.851310,2.338963,1.653475,0.841080,1.984219,1.744545,2.552336,2.640775,3.050032,3.147970,3.820974,3.867366,3.619943,3.532958,2.893781,2.981088,1.661821,3.447906,4.110601,3.127029,2.498162,3.964660,3.348035,2.899902
14.944168,-1.723019,3.297002,3.090205,3.385770,2.790366,1.941808,1.738956,0.043479,3.798378,2.216989,1.491720,0.712859,1.859944,1.683393,2.525377,2.575021,3.139271,3.255251,3.649904,3.844492,3.523615,3.418267,2.471100,3.277158,2.554863,3.511373,4.072908,3.391205,2.396680,4.056799,3.544878,3.288434
2.523780,-1.808172,3.146425,2.926806,3.185878,2.744996,1.893807,1.241853,0.039205,3.683637,2.214688,1.407554,0.639543,1.743230,1.650188,2.514856,2.490527,3.155702,3.216269,3.709827,3.830317,3.540045,3.419556,2.607376,2.986243,2.588368,3.503641,4.053900,3.456927,2.543910,4.071941,3.570651,3.295200
2.159688,-1.565537,2.837052,2.574035,3.116836,2.677926,1.846135,0.770394,0.037561,3.580731,2.269264,1.479884,0.758230,1.884602,1.643941,2.642090,2.758147,3.149903,3.198550,3.738500,3.845459,3.554221,3.406669,2.522647,2.886371,2.533600,3.478512,4.045201,3.465947,2.694039,4.085150,3.570329,3.258151
-15.385873,-0.807714,2.836065,2.604939,3.137548,1.965151,1.635722,1.346731,0.335429,3.294701,2.739407,2.467513,1.667284,2.511897,2.049974,2.725598,2.971848,3.208215,3.196939,3.800355,3.865433,3.601257,3.451450,2.451770,2.915689,2.615752,3.536502,4.086761,3.622520,2.767492,4.125098,3.639595,3.292944
-23.727469,-0.147538,2.174578,2.354744,2.217647,0.022766,0.022438,0.021780,0.023095,2.037809,2.407677,2.549377,1.658078,2.317922,0.801299,1.113303,1.709695,3.233988,3.314207,3.860278,3.901193,3.666012,3.509762,2.596423,2.936951,2.658923,3.561953,4.123810,3.662791,2.836436,4.176323,3.685987,3.346102
-25.518175,0.141124,1.141907,1.037686,1.051166,0.009615,0.009287,0.008629,0.009287,0.530391,1.089303,1.309251,0.528418,0.392964,0.000081,0.000410,0.000410,3.266849,3.383473,3.899905,3.900227,3.695007,3.523937,2.726255,2.972068,2.690173,3.589981,4.150227,3.710471,2.843523,4.175034,3.733989,3.415367
-26.523593,0.157563,1.499610,1.279004,1.330293,0.013561,0.012246,0.012903,0.011259,0.645132,1.253360,1.098509,0.238441,0.000081,0.001396,0.000739,0.000739,3.267493,3.383473,3.907959,3.871554,3.695007,3.480767,2.698227,2.920843,2.675675,3.582249,4.162792,3.707249,2.776191,4.177289,3.744299,3.419233
-27.205462,0.119097,1.627173,1.529857,1.537090,0.014218,0.013890,0.014218,0.012903,0.696421,1.332923,0.990343,0.163810,0.000739,-0.000248,0.000410,0.001725,3.270071,3.380573,3.910214,3.869621,3.697907,3.477223,2.683407,2.936307,2.677930,3.597391,4.167947,3.705316,2.809374,4.178900,3.743976,3.512339
-28.044607,0.105288,1.612050,1.813587,1.620927,0.014876,0.013890,0.015862,0.014218,0.792751,1.376650,0.969959,0.184522,0.000081,-0.000905,0.000081,0.000739,3.291011,3.387661,3.915369,3.893139,3.707894,3.522649,2.726900,2.966269,2.784567,3.629285,4.180833,3.712726,2.818072,4.187276,3.755574,3.531669
-29.868332,0.248962,1.872108,2.041754,1.714627,0.015862,0.015862,0.016520,0.016848,0.866396,1.550899,0.986726,0.293346,-0.000905,0.000081,0.000081,-0.000576,3.290367,3.389594,3.916657,3.893783,3.714981,3.536179,2.770070,2.976900,2.790366,3.642816,4.188243,3.706605,2.833536,4.191465,3.754608,3.539079
-30.793015,0.204578,2.125262,2.272223,2.036165,0.019479,0.017506,0.018492,0.018492,1.210291,1.770847,1.048864,0.324579,0.000410,0.000739,0.000081,0.000410,3.300676,3.393460,3.921168,3.887984,3.720458,3.553576,2.845779,2.938884,2.775869,3.649904,4.195331,3.693719,2.783601,4.209828,3.760729,3.541334
-30.715633,0.121069,2.227510,2.386306,2.154852,0.021451,0.020465,0.020465,0.020136,1.379937,1.965479,1.056426,0.263757,0.000081,0.000410,0.000739,0.000739,3.285535,3.382184,3.918268,3.874453,3.717881,3.560986,2.825804,2.939851,2.839980,3.649260,4.196297,3.659891,3.028769,4.206929,3.767172,3.512339
-30.982543,0.099699,2.253812,2.433321,2.163071,0.021123,0.021123,0.021780,0.020794,1.393746,2.043398,1.041631,0.000739,-0.001234,0.000081,0.000410,0.000081,3.272326,3.369298,3.913436,3.873165,3.695652,3.546167,2.796809,3.043266,2.868330,3.637017,4.194686,3.642494,3.058408,4.218849,3.768783,3.488821
-30.463573,0.051698,2.336991,2.539185,2.176222,0.021123,0.020465,0.020136,0.021123,1.440760,2.074631,1.062015,0.161508,0.001396,-0.000248,0.000081,-0.000905,3.262661,3.337081,3.914080,3.870265,3.697262,3.539723,2.751384,2.998807,2.814529,3.628963,4.184699,3.651193,3.050676,4.210150,3.759440,3.490754
-30.339569,0.027369,2.329429,2.547733,2.186085,0.021780,0.021123,0.020794,0.020794,1.470349,2.077262,1.067275,0.264414,0.001067,0.000739,0.000081,-0.000905,3.250096,3.319684,3.904415,3.862856,3.679543,3.529092,2.705637,2.959503,2.803575,3.608345,4.176967,3.631863,3.050676,4.204996,3.752353,3.494942
-30.248468,0.035589,2.328114,2.578966,2.196277,0.022766,0.021780,0.021780,0.022109,1.482843,2.108495,1.074508,0.250934,-0.000248,0.000410,0.001067,0.000739,3.247197,3.301643,3.895072,3.849969,3.679865,3.509118,2.665044,2.840302,2.821938,3.583860,4.156349,3.618010,3.155702,4.193720,3.727868,3.487855
-29.444356,0.024739,2.333374,2.558583,2.154852,0.020465,0.021123,0.020465,0.022438,1.478898,2.122961,1.060371,0.256195,0.000410,0.000410,-0.000905,-0.000905,3.207248,3.256218,3.888307,3.804866,3.660213,3.433409,2.564850,2.673742,2.752673,3.525226,4.139596,3.587082,3.144426,4.175679,3.694685,3.458538
-29.647960,0.052356,2.323182,2.532281,2.167674,0.020794,0.020465,0.020136,0.020465,1.427938,2.104878,1.048207,0.179262,0.000081,0.000081,0.000410,0.000081,3.214336,3.237532,3.885407,3.787791,3.655703,3.409568,2.528768,2.617363,2.768459,3.506218,4.126387,3.553576,3.144426,4.169235,3.682443,3.448228
-29.252645,0.081617,2.304442,2.459622,2.133481,0.021451,0.021123,0.020794,0.020465,1.372047,2.054248,1.023220,0.169070,0.001067,0.001396,0.000739,0.001396,3.255573,3.232377,3.910858,3.812598,3.683087,3.463048,2.543910,2.834503,2.827737,3.512339,4.133475,3.639917,3.163112,4.185666,3.692430,3.460148
-29.669189,0.075041,2.207784,2.392224,2.103563,0.020136,0.021123,0.020794,0.020465,1.298402,2.045042,0.981795,0.107261,0.000081,-0.000248,0.000410,0.000081,3.274903,3.218524,3.929222,3.812598,3.704994,3.469169,2.505572,2.848356,2.855766,3.521038,4.131542,3.654414,3.184697,4.190176,3.695652,3.471424
-30.080308,0.094439,2.117700,2.341265,2.027617,0.019479,0.018821,0.018492,0.019150,1.277361,1.982575,0.958452,0.117453,0.000739,0.000081,0.000081,-0.000905,3.282313,3.264272,3.947907,3.821618,3.721103,3.464014,2.516203,2.849322,2.887982,3.520071,4.118333,3.725291,3.208215,4.190820,3.695329,3.466914
-29.946186,0.150659,2.076933,2.408992,2.054905,0.019479,0.017835,0.019150,0.018164,1.192209,1.899067,0.918999,0.001067,0.000410,0.000081,0.000410,0.000739,3.286501,3.276192,3.963049,3.824840,3.737533,3.474324,2.532634,2.872196,2.907312,3.528770,4.109635,3.744943,3.200483,4.199519,3.704994,3.478190
-30.257649,0.147700,2.122632,2.288661,1.991123,0.019150,0.018821,0.019150,0.017835,1.192209,1.868492,0.919328,0.000739,0.001396,0.000739,0.000410,0.000410,3.300354,3.337725,3.971748,3.828384,3.744299,3.478512,2.507505,2.823549,2.928575,3.483344,4.111890,3.739466,3.184375,4.197586,3.711760,3.487210
-31.487922,0.152960,2.071672,2.277483,1.952000,0.019807,0.018821,0.018492,0.017506,1.182017,1.849752,0.888095,0.000410,0.001067,0.000739,0.000410,0.001067,3.292300,3.325483,3.962727,3.810343,3.725291,3.459504,2.374451,2.787145,2.897003,3.465947,4.097392,3.728512,3.173421,4.197908,3.701128,3.481411
-31.190751,0.124686,2.044056,2.210743,1.928328,0.019479,0.018492,0.018821,0.018821,1.188921,1.831998,0.907164,0.000081,0.000410,0.000739,0.000081,0.001396,3.227867,3.286823,3.935665,3.776193,3.694041,3.387339,2.188883,2.570327,2.800031,3.438241,4.078707,3.700162,3.075483,4.182444,3.666979,3.429865
-32.234353,0.072082,2.017754,2.173263,1.884930,0.018492,0.018821,0.019807,0.019479,1.212264,1.858629,0.864423,0.000081,-0.000576,-0.000905,-0.000248,0.000410,3.206282,3.267171,3.923423,3.758152,3.667623,3.362854,2.174386,2.541977,2.768137,3.401836,4.076774,3.693719,2.935663,4.180189,3.646038,3.400226
-32.853326,0.092466,1.960548,2.097317,1.824436,0.017835,0.016848,0.017177,0.017177,1.132043,1.788929,0.856861,0.000739,0.002054,0.001067,0.000081,-0.000576,3.222068,3.259439,3.929544,3.779415,3.680510,3.407635,2.240430,2.683407,2.777480,3.428576,4.086439,3.697907,2.968524,4.197908,3.652803,3.408280
-33.350484,0.094439,1.947068,2.031562,1.774134,0.017835,0.017506,0.016848,0.017177,1.068919,1.726462,0.813135,0.000410,-0.000576,0.000739,0.001067,0.001396,3.248808,3.219813,3.950162,3.790368,3.702095,3.442107,2.164721,2.673098,2.839657,3.440174,4.090949,3.710793,2.952415,4.202418,3.654736,3.428898
-32.729783,0.137837,1.897424,1.975671,1.537090,0.014876,0.015205,0.015862,0.015862,0.884807,1.635722,0.705626,0.000081,0.000081,-0.000248,0.000081,-0.000576,3.265560,3.233988,3.965626,3.810020,3.758474,3.466592,2.238497,2.778768,2.893459,3.466592,4.107702,3.748809,2.952093,4.227547,3.668912,3.439208
-32.264997,0.095096,1.764929,1.908931,1.426294,0.014876,0.013561,0.013890,0.013890,0.771709,1.618297,0.635927,0.001067,0.000739,-0.000248,0.000739,0.000410,3.287468,3.262983,4.002675,3.820007,3.836760,3.496875,2.369940,2.970457,2.987209,3.496553,4.130897,3.765561,3.078704,4.241400,3.712404,3.470780
-32.249020,0.026054,1.711339,1.697202,1.278676,0.014218,0.014218,0.013561,0.012574,0.712859,1.520980,0.603707,0.000410,-0.000248,0.001067,0.001067,0.001067,3.304220,3.374452,4.021683,3.813886,3.873487,3.506862,2.479154,2.982055,3.015238,3.508473,4.129931,3.764595,3.070006,4.251065,3.717881,3.475935
-32.382625,-0.051865,1.671886,1.657749,1.286237,0.013232,0.013232,0.013561,0.013561,0.678338,1.505528,0.582337,-0.000905,0.000081,-0.000248,0.000081,0.001067,3.314852,3.461759,4.026838,3.807443,3.884441,3.504929,2.565817,3.006539,3.013305,3.495909,4.136052,3.785536,3.102867,4.252354,3.724002,3.486888
-33.623492,-0.061399,1.670243,1.615338,1.267826,0.012574,0.011917,0.012574,0.013561,0.667160,1.474952,0.483705,-0.000576,0.000739,-0.000248,-0.000905,-0.000576,3.295200,3.444040,4.026194,3.790368,3.883152,3.475935,2.469489,2.934374,2.980122,3.477868,4.123165,3.781992,3.033923,4.239145,3.713693,3.457249
-34.796020,-0.063372,1.644598,1.532487,1.265196,0.012903,0.011917,0.011917,0.011917,0.643160,1.375992,0.376854,-0.000248,0.002054,0.000410,0.001396,-0.000248,3.282957,3.422133,4.035536,3.772005,3.888629,3.447584,2.439850,2.886371,2.925354,3.457893,4.122521,3.771360,2.970135,4.235279,3.699195,3.437919
-35.849731,-0.080468,1.652160,1.590351,1.268812,0.012903,0.012903,0.011917,0.011588,0.660913,1.464432,0.316360,0.000739,0.001725,0.000739,0.001067,0.000081,3.328060,3.443074,4.070975,3.780381,3.924711,3.469491,2.565172,2.947905,2.969812,3.474968,4.125743,3.782958,3.053898,4.255898,3.723680,3.472391
-35.755544,-0.102167,1.647557,1.566351,1.208318,0.013561,0.011917,0.012246,0.012246,0.663543,1.463774,0.242058,0.000739,0.000410,-0.000576,0.000410,-0.000248,3.324839,3.466270,4.076129,3.782636,3.933088,3.480767,2.582892,2.945328,3.043910,3.496231,4.118655,3.782636,3.075160,4.267818,3.730445,3.497197
-36.278656,-0.090989,1.604817,1.482185,1.207661,0.012903,0.012246,0.011917,0.012246,0.625077,1.434513,0.123371,0.000410,0.001067,0.000410,0.000739,0.000410,3.346746,3.470136,4.087405,3.788757,3.942753,3.479156,2.625740,2.955637,3.095457,3.497842,4.109957,3.780703,3.118653,4.274261,3.731090,3.502030
-36.817317,-0.114332,1.546953,1.329635,1.208647,0.011917,0.012246,0.012246,0.011588,0.605022,1.385855,0.033945,-0.000576,-0.000905,0.000410,0.001067,0.001067,3.376707,3.480767,4.099003,3.793268,3.953384,3.490432,2.661822,2.998485,3.164400,3.502352,4.090305,3.780381,3.119297,4.271040,3.734956,3.505574
-37.305020,-0.132414,1.539063,1.316813,1.194181,0.011259,0.011588,0.011259,0.012246,0.585625,1.288210,0.000410,0.001067,0.001067,-0.000248,-0.000905,-0.000248,3.375741,3.482056,4.099970,3.787791,3.952740,3.486566,2.675675,2.970457,3.169555,3.502352,4.064853,3.777804,3.137016,4.260086,3.737533,3.508473
-38.493047,-0.138990,1.536761,1.301690,1.180044,0.010931,0.010602,0.012246,0.009944,0.586611,1.285251,0.002054,0.002054,0.000410,0.000410,-0.000248,0.000739,3.372842,3.484633,4.105124,3.788757,3.956928,3.480123,2.727544,2.958214,3.172454,3.504607,4.062276,3.778126,3.137338,4.273939,3.739788,3.510084
-38.400573,-0.122880,1.515062,1.317471,1.182346,0.011259,0.011259,0.010602,0.010931,0.558994,1.273415,-0.000248,0.000081,-0.000905,0.001067,0.000410,0.000739,3.349968,3.464659,4.088694,3.773293,3.937920,3.454027,2.660856,2.909245,3.138627,3.481733,4.059054,3.762340,3.091913,4.272328,3.720136,3.498808
-38.682371,-0.127483,1.472651,1.291169,1.160647,0.011588,0.012574,0.011259,0.011259,0.539596,1.263881,0.000410,-0.000248,0.000081,0.000410,0.000739,0.000410,3.304542,3.423422,4.078707,3.742366,3.912791,3.407635,2.478188,2.736565,3.053253,3.428898,4.048745,3.752675,2.958859,4.240434,3.703061,3.467880
-38.980695,-0.091975,1.400979,1.250072,1.106728,0.010602,0.009287,0.010602,0.010602,0.465623,1.211606,0.002054,0.000081,0.000081,-0.000576,-0.000905,-0.000905,3.314207,3.438563,4.094493,3.733345,3.945652,3.426643,2.576770,2.774258,3.016849,3.425999,4.059377,3.760729,3.076771,4.271362,3.712082,3.474968
-39.142813,-0.148195,1.315827,1.219168,1.026179,0.009287,0.008629,0.008629,0.008958,0.441951,1.089303,0.000739,-0.000248,0.000410,-0.000248,-0.000248,-0.000248,3.349001,3.450483,4.120266,3.754286,3.972392,3.452739,2.608020,2.813562,3.045521,3.459504,4.068397,3.772327,3.153125,4.265563,3.725613,3.493331
-38.949111,-0.162004,1.280977,1.268155,0.974562,0.009287,0.008629,0.008958,0.009287,0.418937,1.056755,0.000739,-0.000248,0.001396,0.000739,0.000410,0.000410,3.349968,3.450806,4.128964,3.757829,4.007186,3.464014,2.611564,2.802608,3.062596,3.465625,4.071619,3.766528,3.195328,4.277483,3.728190,3.512984
-39.452849,-0.118606,1.212264,1.151112,0.913410,0.009615,0.008300,0.008958,0.008629,0.324579,0.947931,0.000739,-0.000248,0.002711,0.000739,0.000410,0.000739,3.405058,3.482056,4.154738,3.783603,4.071619,3.499775,2.672454,2.886371,3.026513,3.484955,4.089660,3.784247,3.257506,4.298102,3.755252,3.562275
-40.345695,0.073069,1.022891,0.990672,0.760531,0.006985,0.006657,0.006657,0.006985,0.005670,0.699051,0.001067,-0.000576,0.000081,0.000081,0.000081,0.000739,3.472069,3.483989,4.185021,3.792623,4.115756,3.510728,2.684052,2.901513,3.009439,3.509762,4.099325,3.801644,3.309697,4.298424,3.813242,3.645071
-41.152639,0.000410,1.018617,0.981466,0.721736,0.005341,0.005341,0.005670,0.005999,0.007643,0.653023,0.000410,0.001067,-0.000576,-0.000248,-0.000576,0.001067,3.497842,3.514917,4.196619,3.813242,4.138307,3.540368,2.704348,2.991720,3.039078,3.538112,4.104158,3.822907,3.375419,4.314210,3.846103,3.667623
-41.916692,0.000410,0.915383,0.904533,0.644475,0.005999,0.005341,0.006328,0.005013,0.004355,0.421567,0.000410,0.000739,0.001725,0.000410,0.000739,0.000081,3.515239,3.531991,4.219493,3.827095,4.166658,3.554865,2.669876,2.986887,3.017171,3.575162,4.122199,3.839660,3.386695,4.322264,3.865111,3.687275
-43.760397,0.000739,0.690503,0.779600,0.591871,0.004355,0.004355,0.004684,0.003698,0.003369,0.272633,0.000410,0.001067,0.000739,0.000081,0.000739,0.000739,3.494298,3.487210,4.225292,3.812276,4.166980,3.548100,2.503317,2.938562,2.983343,3.565819,4.118333,3.839660,3.361566,4.312277,3.870910,3.681154
-45.042886,0.000410,0.440965,0.587597,0.539268,0.004355,0.002382,0.004355,0.003369,0.003040,0.177289,-0.000576,-0.000576,0.000410,0.000410,0.001725,0.000081,3.482056,3.474002,4.224648,3.810020,4.169235,3.546489,2.352865,2.876384,2.916655,3.557442,4.117044,3.853835,3.334182,4.305834,3.866077,3.688886
-45.914246,0.000410,0.327867,0.552090,0.510007,0.003040,0.003369,0.003698,0.003040,0.002711,0.094439,-0.000576,-0.000576,0.000081,0.000081,0.000410,0.000410,3.514594,3.509762,4.225292,3.820007,4.176645,3.559375,2.435984,2.880895,2.967879,3.568718,4.115434,3.861889,3.363821,4.318398,3.877031,3.699517
-47.625769,0.000410,0.273620,0.446883,0.477130,0.001725,0.002382,0.003369,0.002711,0.002382,0.002382,-0.000576,0.000081,0.001396,-0.000248,-0.000576,-0.000576,3.541012,3.525548,4.231091,3.839982,4.190176,3.569363,2.644747,2.858343,2.982699,3.577417,4.118977,3.871554,3.372197,4.326130,3.882508,3.708538
-49.656132,0.000081,0.162495,0.342004,0.438992,0.002054,0.000739,0.002382,0.001067,0.002054,0.001725,0.000739,0.000410,0.000739,-0.000248,-0.000248,-0.000248,3.569685,3.537468,4.235601,3.857057,4.196619,3.578383,2.727544,2.861887,3.019748,3.591592,4.125743,3.921812,3.406347,4.324841,3.877353,3.725613
-50.727031,0.000410,0.040191,0.211811,0.408416,0.002711,0.001396,0.001396,0.001396,0.000410,0.000081,-0.000248,0.000410,0.001396,0.001067,0.000410,0.000410,3.560342,3.531669,4.240112,3.857057,4.192431,3.584827,2.744619,2.813884,3.021037,3.600290,4.137019,3.939853,3.418267,4.330318,3.890240,3.742043
-51.200972,0.000081,0.000410,0.098055,0.109891,0.000081,0.000410,0.001067,0.000739,0.001725,0.000410,-0.000576,-0.000576,0.000081,0.000081,0.000081,0.000410,3.572584,3.535535,4.237534,3.866722,4.196297,3.598680,2.786822,2.793588,3.096746,3.595458,4.139274,3.959183,3.433731,4.339339,3.896039,3.748809
-50.763424,0.000410,0.000739,0.000739,0.072082,0.000081,0.000410,0.000410,0.000081,0.001725,0.001067,0.000739,-0.000576,0.000081,-0.000248,-0.000576,-0.000248,3.594169,3.551321,4.245589,3.880575,4.211439,3.615110,2.843523,2.872518,3.124774,3.572262,4.143784,3.962727,3.431476,4.343527,3.894428,3.754286
-50.358638,0.000081,0.000739,0.001396,0.000739,0.000410,0.000081,0.000410,0.000410,-0.000248,-0.000576,0.000081,0.000081,0.000410,0.000739,0.000739,0.001067,3.596424,3.538435,4.248166,3.882185,4.208217,3.629285,2.856088,2.857377,3.127996,3.581283,4.151838,3.963371,3.418267,4.334506,3.901193,3.804544
-50.424639,0.000410,0.000081,-0.000905,0.000081,-0.000248,0.001067,0.000739,0.000081,0.000410,-0.000248,0.000081,-0.000576,-0.000905,-0.000576,0.000081,0.001396,3.572262,3.508473,4.244300,3.876709,4.197586,3.627997,2.777802,2.800353,3.012016,3.555187,4.147972,3.945974,3.383473,4.338050,3.896039,3.811631
-50.587959,0.000081,0.001396,0.000081,-0.000248,0.000081,-0.000248,0.000410,0.000081,-0.000248,-0.000576,0.001067,0.000739,0.001067,0.000081,0.000410,0.000410,3.537790,3.468525,4.233024,3.856090,4.176967,3.628963,2.734954,2.733343,3.013305,3.487532,4.137341,3.917624,3.357700,4.333862,3.890240,3.787147
-50.523298,0.000739,-0.001234,-0.000248,0.000081,0.001067,0.000739,0.001725,0.000410,0.000410,-0.000576,-0.000576,-0.000576,0.000739,0.001067,0.001396,0.000739,3.534891,3.472391,4.226259,3.884763,4.164403,3.660213,2.743974,2.761049,3.025869,3.549066,4.136374,3.903448,3.443074,4.334184,3.891528,3.833538
-50.478969,0.000410,0.000739,0.000081,0.000081,-0.000248,0.000081,-0.000248,0.000410,0.001067,-0.000576,0.000081,0.000739,0.000081,0.000081,-0.000576,-0.000576,3.586437,3.469169,4.208217,3.926644,4.139918,3.695007,2.763626,2.771358,3.176965,3.582249,4.137019,3.901838,3.467236,4.343205,3.885085,3.824518
-50.767476,0.000081,0.000410,0.001396,0.001067,0.001067,0.000081,0.000081,-0.000248,-0.000248,-0.000905,0.001067,0.000739,0.001725,0.000410,-0.000248,-0.000248,3.582249,3.408280,4.186310,3.928255,4.108668,3.706927,2.730443,2.704992,3.243653,3.601901,4.148939,3.904737,3.503963,4.340627,3.859634,3.801644
-51.353213,0.000739,-0.000576,0.000081,-0.000576,0.000739,0.000081,0.000739,-0.000905,0.000410,-0.000576,0.000739,0.000739,0.001396,-0.000576,0.001396,0.001067,3.570329,3.347068,4.147006,3.931799,4.021039,3.745909,2.654090,2.569361,3.253640,3.591270,4.137663,3.809054,3.544878,4.308733,3.815175,3.698551
-51.159611,0.000410,0.001725,0.000739,0.000739,-0.000248,-0.000576,-0.000248,-0.000576,0.000081,0.000410,0.000739,0.000739,-0.000576,0.000410,0.000081,-0.000248,3.590948,3.292944,4.103191,3.953384,3.961760,3.782314,2.730766,2.468523,3.296810,3.648293,4.154738,3.678255,3.569363,4.285537,3.747198,3.656669
-48.818642,0.000081,-0.000248,0.000081,0.000081,0.001067,0.000081,0.000410,-0.000248,-0.000576,-0.000905,-0.000248,-0.000248,0.000410,0.000739,0.001067,0.000410,3.438885,2.867042,3.970459,3.887340,3.785214,3.805510,1.977865,2.278767,3.065818,3.627352,4.071619,3.342558,3.362532,4.067753,3.531669,3.108021
-44.405458,0.000081,0.000081,0.000081,0.000739,0.000081,-0.000576,-0.000576,-0.000576,0.000410,0.000739,0.002382,0.000739,0.000410,0.000739,-0.000576,0.000739,3.166978,2.047453,3.670200,3.791335,3.415690,3.722391,1.435983,2.262337,2.600289,3.504285,3.867044,2.930508,2.774902,3.747520,2.939529,2.647969
-36.862606,0.000739,-0.000248,-0.000248,0.000410,0.000410,0.001067,0.001067,0.000081,-0.000248,0.000081,-0.000905,0.000081,-0.000576,0.000739,0.001396,0.000081,2.855766,2.222066,3.217880,3.591914,3.134117,3.548100,2.647647,2.740431,2.298097,3.166656,3.939853,2.968524,2.613497,3.931477,2.835791,2.833536
-19.647566,0.001067,0.000410,-0.000248,-0.000248,-0.000576,0.000410,0.000410,0.001725,0.000739,0.000410,-0.000248,0.000739,-0.000248,-0.000576,0.000081,-0.000576,3.129284,2.901191,3.236565,3.410213,3.125418,3.231733,3.607700,2.866397,2.412144,2.948227,4.151838,3.675033,0.709823,4.066786,3.274581,3.487855
0.548527,0.000081,0.000410,0.000410,0.000081,0.000410,0.001396,0.000410,-0.000576,-0.000576,-0.000576,0.000081,0.001396,0.001725,0.000739,0.000081,-0.000576,3.180186,2.967557,3.281024,3.467558,3.176965,3.268138,3.667945,2.867686,2.430185,2.863820,4.163436,3.799389,0.612851,4.099003,3.287790,3.529414
6.311632,-0.000248,0.000081,-0.000248,0.000081,0.000410,0.001067,0.001067,0.000739,0.000410,0.000410,0.000081,-0.000576,0.002382,-0.000248,-0.000248,-0.000576,3.209504,3.011050,3.289078,3.510084,3.207248,3.301643,3.705316,2.953382,2.479476,2.916011,4.184699,3.813242,0.772645,4.104480,3.331282,3.579028
33.233800,0.000410,0.000739,0.000081,0.001067,-0.000248,-0.000248,0.000081,-0.000248,0.000739,0.001396,0.000081,0.000081,0.000410,0.000410,0.000081,-0.000905,3.231089,3.057764,3.288112,3.550677,3.213692,3.338692,3.752353,3.078704,2.632505,3.035534,4.192753,3.817430,0.846098,4.111890,3.402481,3.633474
41.855122,0.000410,0.000410,0.000081,0.000739,0.001067,0.002711,0.000410,0.000410,0.000410,-0.000248,0.000739,0.000081,-0.000576,0.001067,0.000410,0.001396,3.223357,3.118975,3.291011,3.575484,3.222712,3.367687,3.777804,3.132506,2.650546,3.052931,4.197264,3.824518,0.831601,4.126065,3.424066,3.697585
42.070434,-1.050677,0.005670,0.840094,1.432870,0.007314,0.214441,0.006328,0.006328,1.054453,0.023095,0.000081,0.000081,0.308470,0.623105,1.189578,1.672544,3.235277,3.157635,3.293267,3.595780,3.238498,3.413757,3.821296,3.273292,2.688884,3.099001,4.210150,3.831283,1.010403,4.135408,3.448550,3.717559
42.721853,-1.569811,0.298935,1.789915,1.861916,1.996384,1.156701,0.016520,0.016520,1.587721,0.475815,0.539268,0.000081,0.849300,0.935438,2.122961,2.512555,3.254929,3.250741,3.282957,3.633474,3.245908,3.450483,3.845136,3.346424,2.791333,3.210470,4.211439,3.825162,1.314205,4.146039,3.480445,3.724969
44.059775,-1.897598,0.440965,1.835615,2.075618,2.017096,1.196154,0.018492,0.016848,1.915506,0.509678,0.572145,0.001396,0.885465,0.998562,2.151564,2.516500,3.265883,3.259439,3.269426,3.640239,3.246230,3.464659,3.853191,3.379285,2.837724,3.252029,4.211761,3.806477,1.269101,4.150872,3.489788,3.713693
43.482115,-1.792062,0.648091,2.103892,2.169646,2.076604,1.207661,0.019150,0.019150,1.810628,0.705955,0.674393,-0.000576,0.905191,1.057412,2.217976,2.507952,3.259761,3.243975,3.243009,3.633151,3.228189,3.440818,3.839337,3.345780,2.791010,3.228833,4.200485,3.792623,1.162143,4.128642,3.459826,3.675677
43.512026,-1.916667,0.684914,2.152550,2.213044,2.083179,1.219497,0.020136,0.019479,1.934246,0.748038,0.690174,0.001067,0.974562,1.118235,2.232113,2.507952,3.210148,3.208859,3.178576,3.600613,3.185019,3.376707,3.828706,3.320006,2.730121,3.149903,4.190176,3.784569,0.624771,4.105446,3.407313,3.630896
44.044783,-2.166207,0.855875,2.312991,2.335018,2.136112,1.251716,0.021123,0.020794,2.189044,0.888752,0.754613,0.000410,1.006124,1.171825,2.243291,2.515514,3.203060,3.241720,3.174065,3.618654,3.187596,3.386050,3.844814,3.314852,2.799387,3.191784,4.200485,3.764595,0.710467,4.116722,3.420844,3.659891
42.488739,-2.300018,1.027823,2.332717,2.419184,2.165701,1.254347,0.022109,0.022109,2.320881,0.920643,0.804258,0.001067,1.020590,1.207661,2.255456,2.516171,3.240109,3.280058,3.175676,3.664401,3.236565,3.459826,3.889273,3.337081,2.879606,3.185341,4.215627,3.762340,1.126060,4.161825,3.462081,3.682765
42.356464,-2.442049,1.130400,2.469486,2.538528,2.131838,1.204702,0.023424,0.023095,2.467184,1.188921,0.887437,0.001067,1.057083,1.289196,2.258743,2.512226,3.279736,3.327738,3.249774,3.687920,3.290689,3.512984,3.914724,3.370264,2.925676,3.195973,4.223037,3.789402,1.285532,4.184055,3.516527,3.780059
42.414913,-2.758002,1.214894,2.612830,2.670036,2.109481,1.117249,0.024410,0.023424,2.778202,1.306950,0.904862,0.000410,1.120865,1.305306,2.262689,2.511568,3.310664,3.380573,3.290045,3.712404,3.337081,3.564530,3.953062,3.433086,2.961114,3.191462,4.228514,3.803577,1.673741,4.206284,3.553254,3.826129
42.628382,-2.798770,1.243826,2.638803,2.723954,2.019398,1.022891,0.025068,0.024081,2.824230,1.351334,0.910122,0.001067,1.104098,1.271114,2.238031,2.510253,3.357055,3.421811,3.294877,3.712082,3.369298,3.587726,3.969170,3.439208,2.977544,3.203705,4.231413,3.779737,1.621872,4.222715,3.575162,3.871232
42.591777,-2.814551,1.681092,2.623350,2.752229,1.976000,0.989685,0.024739,0.024739,2.837709,1.316813,0.918999,0.000410,1.103112,1.230675,2.243620,2.508281,3.351901,3.426321,3.332571,3.720458,3.386372,3.594169,3.966271,3.440174,2.990753,3.166011,4.230447,3.808087,1.758470,4.228836,3.586437,3.886051
43.516282,-2.990446,1.824765,2.689433,2.905107,2.080878,1.067275,0.027369,0.025068,3.016561,1.346403,0.945301,0.000081,1.219497,1.381581,2.275839,2.511568,3.358344,3.436630,3.311308,3.732701,3.385084,3.589015,3.955639,3.466592,2.983021,3.141204,4.225614,3.803577,1.712079,4.229158,3.584504,3.882185
43.432617,-3.026940,2.100933,2.740064,3.032013,2.114084,1.181030,0.029013,0.028027,3.054369,1.548597,1.063988,0.000739,1.297744,1.463117,2.320881,2.521103,3.318718,3.419878,3.303898,3.713048,3.368653,3.570007,3.935021,3.440818,2.920199,3.033601,4.222393,3.867044,1.408921,4.221104,3.568718,3.860923
44.135729,-2.779043,2.148276,2.770640,3.114206,2.176550,1.273415,0.029671,0.028356,3.150042,1.603173,1.127769,0.156906,1.345416,1.506843,2.339292,2.547404,3.260728,3.325483,3.279413,3.683087,3.318073,3.485599,3.916013,3.388305,2.822261,2.891526,4.203063,3.893783,1.069681,4.180833,3.518138,3.781348
43.874514,-2.622546,2.315949,2.876833,3.206590,2.285374,1.351005,0.104959,0.031643,3.317057,1.777751,1.169523,0.275921,1.502898,1.564049,2.365594,2.568446,3.264272,3.358988,3.262661,3.701128,3.326127,3.498164,3.909892,3.418589,2.871552,2.876062,4.210472,3.901515,1.136691,4.190498,3.528770,3.807121
42.644861,-2.451255,2.326470,2.953765,3.227960,2.307730,1.379280,0.223318,0.031643,3.279577,1.842190,1.222127,0.294332,1.552542,1.575228,2.374142,2.574035,3.270393,3.384117,3.283279,3.710149,3.372519,3.544878,3.922134,3.374452,2.934052,2.891526,4.213372,3.917302,1.310983,4.221748,3.556154,3.862211
42.839107,-2.403253,2.414252,2.962642,3.312126,2.349813,1.407225,0.529404,0.034273,3.403853,1.982904,1.285580,0.387375,1.606790,1.578187,2.383019,2.582254,3.308731,3.420844,3.342558,3.728512,3.397326,3.593847,3.947907,3.441463,3.002029,2.885727,4.221104,3.930188,1.282954,4.267818,3.588048,3.918912
43.612639,-2.373664,2.516171,2.979081,3.354537,2.425759,1.429253,0.606995,0.034273,3.434428,2.044713,1.277361,0.441622,1.766244,1.586077,2.381046,2.586857,3.354156,3.471102,3.366076,3.809376,3.447906,3.656669,3.991400,3.478190,3.035856,2.894426,4.231413,3.942430,1.515558,4.294236,3.618332,3.969492
44.346228,-2.364129,2.638145,3.024122,3.346647,2.424773,1.417088,0.430444,0.034273,3.474867,2.019069,1.238237,0.465623,1.780052,1.578515,2.363950,2.582912,3.391527,3.473035,3.413757,3.832894,3.482378,3.672133,4.029093,3.478190,3.048743,2.877673,4.231413,3.942430,1.652478,4.308411,3.640561,3.998487
43.640428,-2.322704,2.699954,2.974478,3.374592,2.420827,1.454897,0.349237,0.033287,3.490319,2.034192,1.258949,0.498500,1.795176,1.574899,2.356717,2.582912,3.424710,3.492687,3.446617,3.848358,3.538435,3.705316,4.060665,3.471424,3.080315,2.892815,4.235279,3.983023,1.895391,4.316787,3.658925,4.031670
43.273938,-2.236565,2.702913,3.024451,3.383798,2.435293,1.495665,0.510664,0.034931,3.497224,2.017754,1.272429,0.576419,1.820820,1.570296,2.350470,2.590473,3.435019,3.494942,3.419556,3.849647,3.539401,3.708216,4.065820,3.458538,3.050032,2.831281,4.234635,3.982379,1.797775,4.310666,3.658602,4.031348
44.563061,-2.012669,2.825873,3.141822,3.458429,2.508281,1.541364,0.581350,0.037890,3.577444,2.306744,1.294457,0.606995,1.845149,1.577529,2.371512,2.600994,3.373164,3.435019,3.455960,3.832894,3.511051,3.673422,4.055188,3.408924,2.984632,2.573871,4.219815,3.978513,1.564849,4.302290,3.642172,4.013307
44.670182,-1.952832,2.910696,3.172398,3.490977,2.578638,1.620927,1.019275,0.038547,3.655034,2.336333,1.356923,0.644146,1.883615,1.785313,2.427732,2.628611,3.370909,3.399581,3.451450,3.827739,3.504929,3.665046,4.059054,3.393782,2.965624,2.545198,4.209184,3.976258,1.320003,4.295846,3.633474,4.009119
45.267099,-1.962038,2.916285,3.216782,3.511690,2.610528,1.686681,1.117906,0.039534,3.736898,2.337320,1.443061,0.688201,1.927671,1.829039,2.434965,2.646693,3.363499,3.394749,3.501063,3.827095,3.519427,3.662146,4.053256,3.343847,2.951449,2.508794,4.207573,3.984312,1.377349,4.306478,3.642816,4.029093
45.907180,-1.877872,2.945546,3.295358,3.526156,2.694694,1.746846,1.273415,0.041506,3.771419,2.393211,1.473966,0.717791,1.954630,1.831012,2.444828,2.686803,3.375097,3.395393,3.537790,3.849002,3.546489,3.701773,4.079995,3.302287,2.963047,2.373484,4.192431,3.964660,1.683084,4.319042,3.658280,4.070330
46.176200,-1.709868,3.016232,3.324290,3.603745,2.782476,1.937862,1.570625,0.042821,3.823364,2.485267,1.486131,0.776312,1.996384,1.892821,2.490198,2.736448,3.396682,3.407313,3.561631,3.868977,3.569685,3.725291,4.098681,3.339014,2.998485,2.401835,4.194686,3.968204,1.770068,4.329029,3.674389,4.093526
46.155648,-1.607620,3.075411,3.341715,3.604074,2.774585,1.906300,1.464432,0.044137,3.833885,2.499075,1.492048,0.784532,2.004603,1.891177,2.494472,2.735461,3.400226,3.421166,3.563564,3.899582,3.578383,3.739144,4.117044,3.408602,3.061630,2.454670,4.201452,3.965626,1.985919,4.342560,3.688564,4.100292
47.234121,-1.593811,3.152343,3.324290,3.622814,2.779845,1.939178,1.296758,0.042821,3.846707,2.414252,1.498624,0.816094,2.005261,1.896766,2.490856,2.743023,3.425677,3.446295,3.580638,3.934376,3.595136,3.755252,4.139918,3.445973,3.090947,2.514270,4.199841,3.966593,2.270713,4.348359,3.728512,4.118977
47.359030,-1.536604,3.235193,3.345003,3.673116,2.798914,1.955287,1.379937,0.042821,3.870050,2.559240,1.502240,0.844697,2.092056,1.965808,2.503678,2.777544,3.427932,3.445973,3.585793,3.934054,3.593525,3.764273,4.153449,3.426965,3.085148,2.504928,4.189854,3.970137,2.270713,4.352548,3.736889,4.121232
47.568661,-1.490576,3.279249,3.359469,3.739857,2.819298,1.986192,1.534460,0.045780,3.913776,2.641104,1.578515,0.869684,2.122303,2.005261,2.504335,2.778859,3.385084,3.390238,3.543589,3.922456,3.570329,3.739788,4.126065,3.402481,3.013627,2.335469,4.175679,3.970781,1.921808,4.341272,3.695007,4.103836
48.429400,-1.326518,3.355852,3.363743,3.742815,2.830147,1.999343,1.754408,0.046767,3.936133,2.624666,1.682736,0.911438,2.162413,2.029261,2.507952,2.798585,3.371553,3.368009,3.540045,3.926644,3.572262,3.742366,4.120266,3.351256,3.019426,2.324193,4.173423,3.976902,1.864463,4.342560,3.700162,4.107702
48.987266,-1.307778,3.401551,3.364729,3.750377,2.841326,2.018083,1.880656,0.046109,3.943037,2.622693,1.681421,0.948918,2.184770,2.053919,2.534582,2.835737,3.380896,3.382829,3.562597,3.942430,3.585793,3.752997,4.175679,3.348357,3.096101,2.425675,4.162148,3.967559,2.165365,4.353192,3.725613,4.138952
48.855659,-1.302518,3.402538,3.388401,3.761884,2.848230,2.017754,1.921095,0.046109,3.951914,2.654584,1.742901,0.956808,2.175235,2.066412,2.552336,2.851518,3.410213,3.399581,3.586437,3.955317,3.615432,3.780059,4.204996,3.387661,3.099323,2.435018,4.165369,4.003642,2.380572,4.368656,3.761051,4.167302
48.800763,-1.248928,3.442319,3.401223,3.784569,2.852833,2.028603,1.997370,0.046767,3.948626,2.783133,1.808327,1.064645,2.179509,2.088440,2.560555,2.861709,3.435019,3.403125,3.618976,3.955639,3.633796,3.808087,4.218204,3.432442,3.093846,2.383471,4.175034,4.032637,2.494618,4.369300,3.784569,4.181478
49.975503,-1.202899,3.435415,3.378866,3.772734,2.841983,2.015124,1.975671,0.045452,3.946653,2.736119,1.792874,1.045576,2.175235,2.068056,2.537212,2.850531,3.459182,3.404092,3.636051,3.968526,3.646360,3.823229,4.224648,3.498164,3.165045,2.479476,4.179867,4.041013,2.483020,4.381543,3.817430,4.199841
51.891730,-1.249256,3.447251,3.370318,3.786213,2.855792,2.023672,1.943123,0.047096,3.985448,2.670365,1.799121,1.028809,2.170304,2.061152,2.528993,2.848559,3.519749,3.474002,3.662146,3.990111,3.666979,3.873809,4.260086,3.524582,3.277158,2.582892,4.206606,4.056799,2.572582,4.392818,3.856090,4.224326
52.737179,-1.181529,3.459744,3.402538,3.785556,2.856778,2.033535,1.980603,0.047753,3.965722,2.710475,1.848437,1.081084,2.178523,2.069042,2.547404,2.843627,3.534891,3.474646,3.665046,3.998809,3.670523,3.887662,4.272328,3.586115,3.273614,2.586435,4.210150,4.091271,2.598356,4.396684,3.867044,4.224970
54.183471,-1.130569,3.510703,3.410099,3.832570,2.878806,2.059508,2.020055,0.192742,3.996955,2.684831,1.885917,1.100153,2.210414,2.077262,2.553980,2.859408,3.475935,3.394104,3.637984,3.990433,3.650226,3.859634,4.260086,3.536179,3.209181,2.363175,4.184055,4.099003,2.425997,4.374133,3.836438,4.214016
54.068625,-1.109856,3.515635,3.410757,3.834214,2.915299,2.086467,2.026960,0.202934,3.985777,2.715078,1.905643,1.114947,2.226852,2.111125,2.578638,2.901820,3.481089,3.427610,3.643461,3.989145,3.654092,3.870910,4.259119,3.521360,3.284246,2.476899,4.185343,4.088694,2.533278,4.377999,3.840948,4.214661
56.231983,-1.078294,3.558375,3.440346,3.882543,2.948834,2.134468,2.083837,0.264414,4.008791,2.792010,1.927013,1.179058,2.239346,2.125262,2.584884,2.927135,3.504607,3.431153,3.648615,3.994621,3.657314,3.878319,4.261052,3.536502,3.312597,2.540688,4.189209,4.086439,2.500095,4.386053,3.860600,4.216916
57.067361,-1.087500,3.578101,3.431470,3.905228,2.991574,2.153536,2.116714,0.307154,4.012408,2.797270,1.934246,1.180702,2.273867,2.151235,2.602309,2.946204,3.529736,3.439530,3.664724,3.995910,3.671811,3.893783,4.274583,3.617687,3.369620,2.494296,4.212083,4.113823,2.587080,4.387341,3.870265,4.226259
57.659373,-1.072705,3.583690,3.439360,3.928900,3.005382,2.155180,2.161098,0.419923,4.015366,2.828832,1.948712,1.168866,2.293593,2.162413,2.627624,2.963957,3.555832,3.437919,3.676644,4.001709,3.679221,3.903448,4.288437,3.706283,3.462726,2.523291,4.221426,4.108990,2.614786,4.394107,3.890884,4.229158
57.065125,-1.101308,3.580403,3.436072,3.929886,2.994204,2.144331,2.102906,0.284140,4.015038,2.807462,1.938849,1.161962,2.286360,2.139728,2.618090,2.954094,3.575806,3.436630,3.694685,4.005897,3.682765,3.921812,4.307122,3.730445,3.451128,2.476899,4.226903,4.110601,2.650546,4.397651,3.899260,4.234957
57.400166,-1.103281,3.566266,3.425223,3.915091,2.979409,2.146303,2.070029,0.200632,4.004188,2.792339,1.939506,1.164263,2.255127,2.125262,2.606583,2.947190,3.599002,3.481089,3.725291,4.018139,3.713693,3.944041,4.313243,3.723036,3.466914,2.512337,4.241400,4.115756,2.655701,4.403772,3.911503,4.238501
59.633907,-1.097363,3.581718,3.415031,3.919037,2.995848,2.148276,2.027617,0.196358,4.004846,2.797599,1.926355,1.160975,2.277154,2.153865,2.631899,2.963300,3.592881,3.473035,3.730123,4.018462,3.727224,3.953062,4.327741,3.714337,3.463048,2.425031,4.237212,4.116400,2.679541,4.409893,3.922134,4.245589
61.522849,-1.120706,3.584019,3.442648,3.918050,3.013273,2.156824,2.062138,0.211482,4.011092,2.793325,1.923397,1.168537,2.290634,2.157153,2.633542,2.967574,3.545200,3.340947,3.710471,4.002998,3.668590,3.926967,4.320975,3.595780,3.398615,2.178574,4.186310,4.089982,2.564528,4.392818,3.881863,4.226581
61.139361,-1.110514,3.591252,3.419963,3.925941,3.010643,2.164057,2.057535,0.209838,4.009120,2.788722,1.918136,1.148153,2.279127,2.135454,2.636501,2.955409,3.573551,3.337725,3.755896,4.016529,3.725291,3.957572,4.343527,3.458860,3.412468,2.185984,4.191142,4.082250,2.630572,4.396362,3.889917,4.231091
58.803961,-1.112158,3.586978,3.450867,3.911475,2.997163,2.194304,2.078577,0.202276,3.999257,2.787407,1.905643,1.154729,2.273867,2.114413,2.629268,2.944560,3.588692,3.385084,3.771038,4.012663,3.766528,3.972714,4.334828,3.425354,3.474002,2.201770,4.194042,4.100614,2.742686,4.404094,3.907959,4.228192
61.380239,-1.128268,3.569882,3.437059,3.924626,3.015903,2.171619,2.077919,0.206221,3.994654,2.788065,1.915506,1.149468,2.270579,2.141701,2.666091,2.958039,3.611566,3.435986,3.785536,4.014273,3.779092,3.980768,4.348359,3.469491,3.486888,2.255249,4.204996,4.059377,2.840624,4.405383,3.909892,4.224970
61.834318,-1.127939,3.559033,3.452182,3.916078,3.055684,2.193647,2.134139,0.270332,3.988407,2.787407,1.914848,1.133687,2.279456,2.170961,2.716721,2.978094,3.612211,3.479800,3.790046,4.027482,3.793912,4.005897,4.347071,3.531025,3.480767,2.188561,4.230447,4.107702,2.944683,4.396684,3.916013,4.219171
61.642142,-1.131555,3.558375,3.438045,3.894050,3.017876,2.157482,2.039453,0.188468,3.984462,2.729544,1.875396,1.122838,2.235072,2.143345,2.696009,2.949491,3.608989,3.541656,3.793590,4.039402,3.802288,4.019106,4.332895,3.552610,3.505574,2.147968,4.228192,4.107057,2.928253,4.396040,3.917302,4.205640
59.219297,-1.175940,3.539635,3.441990,3.878927,2.976779,2.163400,1.984548,0.090494,3.983476,2.695680,1.852382,1.134674,2.193647,2.121974,2.672009,2.941272,3.611566,3.576772,3.810665,4.051645,3.806799,4.031993,4.321942,3.551966,3.519749,2.122839,4.224970,4.079029,3.025547,4.397651,3.917302,4.204351
59.620788,-1.183173,3.532402,3.451525,3.893064,3.015903,2.190359,1.932602,0.198988,3.987092,2.698310,1.851724,1.140920,2.222578,2.177866,2.687790,2.961327,3.614788,3.644749,3.822585,4.054866,3.809698,4.046168,4.297135,3.589981,3.508473,2.227221,4.226581,4.050678,3.090302,4.390241,3.919235,4.196297
57.307302,-1.251886,3.511032,3.461716,3.881886,3.049109,2.253154,1.974027,0.077014,3.977887,2.702584,1.870793,1.129084,2.219291,2.187729,2.707187,2.979081,3.580961,3.641206,3.804221,4.030382,3.791335,4.022972,4.284248,3.625419,3.480123,2.036177,4.221748,4.098359,3.054864,4.340950,3.872520,4.154093
55.017748,-1.301531,3.473552,3.435086,3.878269,3.063575,2.301812,2.010850,0.208194,3.963421,2.761763,1.864546,1.111002,2.212715,2.306744,2.720009,2.993547,3.577739,3.607056,3.789724,3.983668,3.755574,3.983023,4.251387,3.513628,3.433086,2.146357,4.223359,4.026194,3.179542,4.284571,3.800355,4.098681
52.910488,-1.394903,3.437716,3.389058,3.849995,3.079356,2.262031,2.033206,0.298935,3.959475,2.735133,1.838574,1.109029,2.192660,2.276497,2.721653,2.990259,3.546167,3.585793,3.727868,3.936631,3.690819,3.926000,4.148617,3.438241,3.309053,2.696938,4.142495,3.892495,3.242364,4.225614,3.701128,3.954351
48.711251,-1.433698,3.416017,3.380510,3.819748,3.082972,2.259072,2.030576,0.316031,3.945667,2.682200,1.813258,1.106070,2.173263,2.302141,2.711461,2.981382,3.422133,3.413757,3.587726,3.851580,3.532958,3.827417,3.913436,3.127996,2.923098,2.903124,3.947585,3.586437,3.160212,3.983023,3.271037,3.491076
44.409725,-1.535289,3.407798,3.342044,3.767802,3.084616,2.252497,2.105207,0.398553,3.914763,2.702913,1.794189,1.124153,2.168660,2.269593,2.748612,2.973163,3.221746,3.212081,3.544234,3.809698,3.369620,3.733345,3.861889,2.453059,2.478188,3.138627,3.762340,3.236888,2.918266,3.693074,2.950160,3.037789
37.890192,-1.826583,3.347304,3.310811,3.662595,3.065219,2.269264,2.032549,0.414334,3.878598,2.569761,1.711997,1.047220,2.142358,2.135125,2.733160,2.959026,3.116720,3.058730,3.366720,3.741399,3.161823,3.593847,3.728190,2.436951,2.010404,3.124130,3.708538,3.055508,2.461113,3.465947,2.679541,2.780379
